4	7624,9244
7	300,857,1048,1406,1787,233
13	1714
30	1083
34	36
36	2043,34
45	537,498
51	227,159,157,874,875,986,72
53	1090,182
55	1580,1505,972,913,903,797,679,6714,67,65,58,528,518,468,352,329,320,314,302,301,300,299,298,293,289,288,279,257,2523,2094,1934
56	225,1390,59,190,1414
58	238,55,89,59,64,389,295
59	599,1013,1513,1633,2938,3280,905,998,56,58
64	58,1109,70
65	302,300,2977,294,289,89,233,230,228,212,2083,4817,203,906,199,190,1001,1042,1044,182,1048,1249,1470,166,1510,163,1511,498,969,527,55,533,546,67,683,706,403,3466,3293,3200,306
67	97,959,903,89,72,706,701,679,674,646,601,543,542,523,511,498,466,465,459,349,333,329,328,325,318,316,314,311,3081,306,300,298,297,295,294,293,292,291,289,288,283,229,2094,1807,1700,161,1452,1428,1246,1104,1045,65,966,55,98,972
68	993,1001
69	5787,1116,1427
70	64
71	182,298
72	1099,8582,706,67,1131,1249,1983,190,187,173,159,152,1379,51,533,89,98,511,440,863,4180,3988,227,1014
75	1151,997
76	1001
81	173,418,439
84	238,546
85	511
86	689
88	424,226,486,190,163,679,207
89	1934,229,257,265,285,291,190,172,295,1684,298,1673,300,1601,301,157,302,304,308,311,317,320,3200,326,328,331,332,333,344,349,3674,412,461,464,72,466,523,1455,526,1449,528,531,537,538,5416,546,599,646,679,680,683,686,693,701,903,959,220,1098,1037,1032,65,58,67,292,2014,198,2083
97	903,302,67
98	67,72
99	173
102	116
104	135
105	130
109	129
110	140
111	139
112	114
114	149,112
115	136
116	102
117	133
118	119
119	118
122	123
123	122,134
129	109
130	105
131	145
133	117
134	143,123
135	104
136	115
139	111
140	110
143	134
145	146,131
146	145,147
147	146,148
148	147
149	150,114
150	149
152	72,533,1992,173,154
153	1892
154	298,2521,227,228,229,2424,969,152,1372,1378,1394,859,1400,173,182,854,748,707,632,618,599,188,562,5237,511,506,4448,441,199,436,203,432,220,429,418,412
155	533,295,679
157	531,599,706,903,917,89,51,1104,159,1613,190,2020,257,288,295,300,302,325,340,349,458,466,488,518
159	298,425,441,157,1534,961,51,206,1090,982,227,193,72,234,203,2346,2531
161	680,679,543,466,461,352,299,295,1037,67
162	1418
163	917,88,65,986,964,928,1048,1369,173,1974,212,220,227,4126,498,512,599,618,6950,706,903
166	65,182,961
167	3948
172	89,292,173,969
173	234,498,425,318,288,306,2938,81,72,163,99,154,152,172,1400,1424,1672,190,199,229,526
176	2342,1369,957,918,982,288,917,2343,227,1249
182	65,166,154,210,3371,344,190,538,614,71,53
184	366
186	3901
187	72,190,193,959,994
188	154,918,841
190	72,182,157,1512,1249,88,1104,1043,89,191,208,1375,209,1377,227,229,1400,1415,187,65,56,757,689,504,498,486,481,464,450,429,3859,377,344,333,173,3259,300,298,230
191	486,681,1042,966,306,310,190
192	1249
193	159,187,3119,982
195	378
196	203,207,228
198	333,500,1186,854,207,1974,1755,1244,89,986,687
199	1090,679,1398,1400,65,1934,173,225,703,154,436
203	154,1416,378,857,196,489,377,429,159,65
204	3618,229
206	1091,159
207	1048,196,969,903,714,614,603,554,88,475,366,3057,198,295,220,2134,1512,1098
208	190
209	3373,316,704,540,537,472,412,378,1866,228,190
210	182
212	1426,1384,1412,65,163,610,5890,420,227,222,217
213	7225
217	229,441,429,1048,298,212,439,412
220	489,1390,1513,716,951,858,163,229,230,316,89,207,424,486,982,154,1672,1090,488
221	222,298,6217
222	221,599,212,2850,4115
225	859,56,227,199,437,1151
226	424,982,964,735,622,441,1412,88
227	732,163,851,852,854,863,962,72,190,154,1249,1372,212,51,735,1412,1504,225,1639,1957,228,229,1090,1109,1121,1122,176,234,2531,2855,333,423,424,429,430,4316,436,159,481,486,498,533,538,572
228	230,65,1396,1122,1048,154,4074,196,227,209,898,3747,683,306,544,301,298
229	1048,1243,1375,1400,1412,230,237,306,3057,154,220,89,295,217,227,173,1090,204,67,735,701,680,547,545,5429,498,429,425,190,1037
230	486,498,701,511,528,220,540,228,190,1239,1412,378,458,229,493,1186,1200,65,377,966,716,2347,707,298,316,329,464
233	881,234,3280,7,965,1713,65,238,1378
234	1249,497,173,436,424,233,1513,3354,227,959,868,726,614,536,523,498,412,159,1246
236	440
237	229
238	1048,233,84,58,757,755,1098
239	344
241	701
250	511
251	288,298
253	289
257	157,306,302,299,295,294,1037,55,89,1456,265,293,689,679,525,466,461,344,333,325
265	89,295,355,257
267	331,3227
278	475
279	55
283	701,67
285	288,1042,328,295,310,89,291,3503,523
288	173,466,468,461,4566,4474,405,400,377,360,344,342,3404,331,329,327,325,324,314,301,300,295,294,292,291,290,289,2521,2092,1934,1246,1243,1051,1042,1037,285,176,474,475,481,485,486,498,518,523,251,532,538,542,544,679,701,703,706,908,972,157,67,55,464
289	301,908,903,8761,8589,797,687,686,679,599,548,528,525,524,523,518,498,486,465,378,355,350,333,326,325,324,320,3198,318,314,311,310,306,305,67,302,299,295,294,291,2545,2025,1934,1601,1596,1580,1464,1463,1459,1456,1451,1400,1243,1051,65,288,253,55
290	288,325,324,310,306,302,299,292,1452
291	89,288,285,966,908,903,7393,680,548,527,5267,498,4707,468,466,349,344,333,325,317,316,314,310,302,295,1461,1246,67,289
292	689,906,951,972,172,288,89,690,67,290,1037,1613,2091,2454,2521,293,295,300,301,302,309,311,320,324,325,326,328,329,332,333,378,458,465,468,523,528,543,680,681
293	257,55,298,302,67,903,701,523,352,320,311,310,306,305,292,294,2083
294	314,67,257,293,2025,298,288,300,301,318,329,333,344,455,65,461,466,525,528,686,907,289
295	701,333,301,352,360,523,534,2025,299,300,532,289,310,157,257,466,285,155,468,458,302,58,292,161,692,288,386,907,314,207,691,475,320,646,89,67,325,291,641,328,265,229,544
296	333,298,323,461
297	67
298	296,333,154,331,190,3200,55,320,293,159,306,701,2094,67,1613,230,1075,251,1034,89,679,5926,294,530,221,790,217,526,906,525,4818,71,466,228,439
299	523,4814,466,2523,461,55,378,1450,257,325,317,306,793,1098,679,302,290,161,301,295,289,300,646
300	465,464,461,456,403,55,386,377,531,349,292,333,331,7,330,329,681,325,67,320,318,306,302,2977,2521,1458,1451,1400,1377,646,1243,1042,546,1034,288,294,686,89,543,157,299,65,542,190,295,699,701,526,528,707,525,972,484,475
301	299,302,89,228,294,55,961,288,329,333,344,289,377,295,528,292,907
302	528,157,257,325,300,301,544,293,89,542,299,65,318,295,289,907,525,290,523,511,498,466,291,464,461,456,377,1052,344,1459,972,1470,342,2521,333,2632,329,304,306,308,292,679,681,701,97,55
304	461,89,302
305	293,289
306	298,679,546,542,540,531,191,289,526,1243,65,290,525,299,257,173,300,293,2523,314,342,228,344,349,377,461,464,302,1032,465,486,466,523,498,67,1406,959,913,903,1429,802,229,788,701,686,681
308	302,89
309	292
310	484,285,291,972,293,311,525,680,325,787,328,289,332,485,802,295,191,290,498
311	292,329,67,310,89,498,349,293,289,331
312	322,314
314	317,306,289,701,67,475,484,295,294,312,291,55,288,378,349,333
316	714,7260,220,230,1377,486,209,67,599,291
317	548,314,89,466,291,299
318	484,324,344,325,3397,302,300,289,1451,686,173,294,1590,1052,67,377,461
320	523,292,289,298,908,1062,466,293,89,300,295,55
321	1243,704,471
322	312
323	5533,296
324	525,292,318,528,686,290,288,289,1934
325	302,300,299,295,292,291,290,289,67,310,288,318,257,1047,1453,1475,157,1684,326,330,355,456,543,548,680,683,686,802
326	89,3466,349,1037,289,292,325
327	288,328,3317,349,913
328	292,285,89,907,545,543,310,538,67,295,534,507,498,4562,378,327
329	538,349,331,330,311,292,230,55,67,294,300,288,301,701,302
330	325,329,300
331	475,1596,377,329,333,300,298,267,478,288,311,89,512
332	310,461,292,89
333	349,344,301,292,198,291,294,190,289,295,67,296,257,302,298,314,331,89,1243,1246,1413,227,1453,951,913,797,704,1580,691,687,2020,2022,686,300,680,2025,679,2521,2548,674,3171,528,525,342,466,378
335	336
336	335
338	339
339	338
340	157,679
341	351
342	302,306,288,333
344	288,333,306,302,301,903,182,291,89,2080,239,797,1458,1032,294,318,257,701,681,679,548,543,528,525,465,464,190,461,2451
349	333,329,352,311,377,314,674,457,1596,545,466,1444,1441,498,1032,525,528,535,157,67,306,327,291,326,89,300
350	289
351	341
352	528,461,2977,349,293,55,161,295,802,679
355	907,289,325,265
359	362
360	295,288,3584
362	359
366	859,184,207,1090,708
371	1249,4170,1672,377
377	371,203,190,300,318,1099,1104,230,301,302,288,331,816,709,306,6120,512,489,464,1122,1863,1854,349,1044
378	299,328,506,986,314,544,230,289,726,292,195,1934,333,203,1044,209
380	1339
383	1672
386	300,686,295
389	58
400	288
403	486,65,300
405	288
412	498,982,89,209,217,154,499,436,234,1249,1246,1091,5315,816
418	1390,1098,81,3110,154,615,2676
420	212
423	227
424	4716,1376,234,220,227,1639,1866,709,436,562,226,88
425	173,159,229,982,1400,430,2535
428	429
429	154,428,227,859,190,217,229,203,1106
430	425,691,227,1971
432	154,533
436	424,154,412,234,227,199,632,2855,1104
437	225
439	298,217,1048,2130,81
440	602,236,72
441	226,2691,1787,217,1534,159,154,1504,998,599
444	744
445	703,447
447	445
450	1295,190,703
455	523,294,465
456	466,325,300,302
457	349
458	681,230,292,295,498,679,157,464,701
459	67
461	907,294,525,498,475,3404,1613,302,318,1447,1032,352,257,288,89,161,344,306,300,332,299,304,296,802,903,701,528
464	306,230,89,300,302,377,458,344,288,190,907,686,681,2548,1853,1673,1375,1043
465	300,344,292,67,306,455,289
466	306,291,294,456,161,1106,1186,1390,1400,1446,320,1450,1659,2020,2083,67,468,475,484,498,523,524,295,543,544,681,701,704,972,349,257,298,299,288,157,89,317,302,333
468	466,544,288,291,55,295,292,482
471	321
472	209
474	288
475	278,466,295,300,314,2923,691,1934,1613,1684,1873,207,498,288,461,331
478	331
481	288,190,227,6453
482	468
484	466,318,314,310,300
485	288,310
486	2959,2850,190,1464,306,757,1198,191,1104,227,533,1072,403,220,316,230,540,518,288,88,1047,289,498
487	515
488	157,220
489	220,377,203
493	230,830
497	234,1200,1672
498	486,349,475,1043,1045,1186,1406,310,163,1541,1672,528,288,532,543,679,412,680,311,681,686,701,704,65,707,779,797,915,982,173,229,466,67,328,461,289,302,234,458,230,227,45,306,190,291
499	500,412
500	1672,499,2380,198
503	917
504	190,1377
506	378,154
507	328
511	1415,959,67,250,302,72,230,154,9823,85,1072,1073,1358,1406
512	331,1418,377,163
514	823
515	3280,487
517	706,715
518	157,55,289,930,486,288
523	306,67,680,89,299,528,295,466,293,455,292,320,288,285,234,1580,289,302,679
524	289,466
525	349,300,344,298,310,306,294,289,302,257,966,461,908,538,2092,1459,333,324
526	1098,298,542,306,173,89,300
527	65,291
528	2521,344,300,302,461,89,301,523,55,1684,3404,531,545,686,689,349,498,289,352,230,294,324,292,333
530	298
531	528,89,300,157,306
532	498,295,907,288
533	2789,2614,432,2347,155,65,72,152,486,227
534	328,295
535	349,701
536	2595,234,3753
537	1375,89,209,45,679
538	1048,288,89,328,525,227,329,182,903
540	830,1246,1866,230,680,306,2176,486,209
542	526,1771,306,288,302,67,300
543	328,67,344,292,704,161,907,913,325,2102,300,466,498
544	701,228,288,679,682,683,302,466,378,295,468,690
545	528,328,349,907,229
546	306,89,65,300,84
547	229
548	325,1463,4619,317,344,289,291
551	552
552	551,595
553	577
554	207,599
558	587
562	154,599,863,424
564	8819
572	227
577	14019,553,597
586	3006
587	558
588	1244
589	598
595	552
597	577
598	589
599	157,441,289,222,89,316,154,163,997,863,5175,1090,554,59,562
601	67
602	440
603	207
607	1360,2787
610	1123,212
614	868,959,982,207,182,234,1360
615	418,1755
618	163,154
621	622
622	621,226
624	6136
632	1375,3411,154,436
639	654
641	295
642	643
643	642
645	673
646	295,1034,1032,299,67,89,300
647	648
648	647,649
649	648
650	675
653	664
654	639
655	5994
656	667
664	653
666	671,9033
667	656
671	666
673	645
674	67,349,903,333
675	650
679	344,55,298,257,299,88,523,340,89,288,155,352,67,306,1246,704,790,498,161,333,458,289,199,537,302,544
680	523,291,161,229,498,325,333,292,930,89,310,540
681	191,466,458,306,300,793,686,292,302,344,464,498
682	544
683	325,544,65,228,89
686	289,325,528,89,306,333,464,324,386,294,681,300,318,1037,1043,1459,498
687	289,693,333,1854,198
689	86,704,3201,292,2083,190,528,1377,257
690	544,292
691	333,295,475,430
692	295
693	89,687
697	2277,1098
699	300
701	302,295,89,466,300,306,535,229,67,461,544,458,230,241,283,293,329,1037,11223,1475,1609,314,1934,298,498,344,2498,3397,704,288
703	450,445,199,288
704	913,689,543,321,679,209,466,701,498,333
706	157,163,288,1369,517,67,918,868,72,3470,65,2347,1360
707	1369,1145,1104,154,230,300,498,952,949,918,1778,1527,1413
708	366
709	1515,424,857,377,859
710	930,947
712	868
714	207,316
715	1090,517
716	1090,230,220
717	2444
721	13586
724	1974,735,2787,1358
725	959
726	234,378
728	959,2265,1415,868
730	1372
732	227
733	1239
734	851
735	229,226,724,951,851,227
744	444
748	154
755	238
757	238,486,1151,190
779	816,815,498,2850
787	310
788	306
790	679,298
793	299,1043,1453,681
797	498,289,55,344,333
802	352,461,1452,306,325,310
806	810
808	810,951
810	806,808
812	917
813	3078
815	779
816	412,1853,779,377
817	18541
819	836
823	514
825	1552
830	540,493
834	835
835	834
836	819
837	2746
838	844
839	846
841	188
843	3719
844	838
846	1672,839
851	734,735,227
852	227
854	154,198,917,227
857	1206,709,7,6452,1513,203
858	220,1098
859	429,225,1415,154,3616,366,709
863	599,227,562,72
868	959,706,728,875,1803,712,1426,1412,614,234
869	6730
872	873
873	872
874	51
875	51,868
877	1079
881	233
893	902
895	896
896	895
898	228,3427
902	893
903	291,461,207,674,97,289,538,67,1246,344,55,2521,293,917,959,163,306,89,157
905	59
906	292,65,298
907	532,543,464,302,328,295,301,294,461,545,355,1613
908	320,525,288,291,289
909	3491
913	704,543,327,306,333,55,6308
915	498
917	2347,1974,1412,918,1372,959,982,176,854,1369,1249,163,903,812,503,157,2787
918	707,917,706,1360,1274,188,2343,920,176,1249
920	946,1870,918
923	2342
924	1339
928	163
930	955,680,518,710
934	935
935	934
943	6289
946	920
947	710
949	707
951	333,1249,292,735,808,220
952	707,953,2346
953	952
954	1369
955	930
957	176
959	917,2624,67,2343,868,306,614,187,511,903,89,4308,1358,234,725,728
961	301,166,159
962	227
964	1131,226,163,1394
965	233
966	191,525,230,1179,67,291
969	154,172,207,1179,65
972	13735,302,300,55,292,288,67,466,310
976	18737
978	1044
982	614,412,176,2343,159,226,193,220,498,917,425
985	1098
986	378,198,163,51
993	68,997,1464
994	187
997	599,75,993,1886
998	59,441,1008,1014
1001	76,65,1014,68
1008	998
1013	59
1014	1001,72,998
1032	646,1183,1034,349,461,306,344,89
1034	1032,646,298,300
1037	89,161,686,326,229,288,292,257,701
1042	191,65,1455,300,288,285
1043	190,498,464,686,793,4223
1044	978,65,377,378
1045	1689,67,498
1047	486,325,3741
1048	207,238,7,439,163,229,228,538,3258,1375,217,65
1049	1050
1050	1049
1051	1052,288,289
1052	302,318,1051
1061	1062
1062	320,1061
1072	486,511
1073	511
1075	298
1077	1078
1078	1077
1079	877
1083	30
1086	1087
1087	1086,1088
1088	1087
1090	1410,1545,366,1104,227,199,599,53,715,220,716,1400,2131,229,159
1091	412,206
1098	697,238,985,1464,2277,2343,207,299,89,1099,858,526,418
1099	72,1098,2582,377
1104	377,2744,1711,436,1090,67,707,190,157,486
1106	466,429
1109	64,227
1116	69,3707
1118	1131
1119	2346
1121	227
1122	227,228,377
1123	610,1130
1130	1123
1131	72,964,1118
1137	1138
1138	1137
1140	1141
1141	1140
1145	707
1150	2277
1151	757,75,225
1157	9110
1165	1166
1166	1165
1179	969,966
1180	1868
1181	2850
1183	1032
1186	5140,466,230,198,498
1198	486
1200	230,497
1206	857,2834
1230	13912
1232	3000
1239	733,230
1242	2265
1243	333,321,289,229,288,306,300
1244	198,588
1246	234,288,67,333,291,903,540,679,412
1249	371,412,1412,176,65,1369,951,917,1372,190,918,72,234,192,227
1250	1288
1251	1252
1252	1290,1251
1266	1267
1267	1266
1269	5494
1274	5105,1369,918
1288	1250
1290	1252
1295	450
1300	3184
1329	5711
1339	380,924
1343	3470
1358	511,2463,959,724,1360
1360	706,607,1358,614,918
1362	16639
1369	707,954,1412,2343,2787,706,1274,176,163,917,1249
1370	1371
1371	1370
1372	2861,227,917,154,730,1249
1375	229,464,537,1048,632,190,1772
1376	4074,424
1377	316,190,504,689,300
1378	233,1379,154
1379	1518,1378,72,1934
1383	3670
1384	212,1400
1390	418,220,56,466
1394	964,154
1396	228
1398	199
1400	173,300,289,229,425,190,154,1384,1090,466,199
1406	306,511,498,7,1672
1410	1090
1412	868,212,230,1369,1426,1639,6534,917,227,229,226,1249
1413	707,333
1414	56
1415	859,728,190,511
1416	203
1418	1709,162,512
1424	173
1426	868,212,1412
1427	69
1428	67
1429	306
1441	349
1444	349,1447
1446	466
1447	461,1444
1449	89
1450	466,299
1451	289,300,1459,318
1452	802,290,67
1453	793,325,333
1455	1042,89
1456	257,289
1458	344,300
1459	1451,302,686,289,525
1460	3968
1461	291
1463	1934,289,548
1464	993,289,486,3288,1098
1470	65,302
1471	11454
1475	325,701
1484	1499
1488	1506
1496	1497
1497	1496
1499	1484
1504	227,441
1505	55
1506	1488
1510	65
1511	65
1512	207,190
1513	1957,857,59,220,234
1515	709
1518	1379
1527	707
1534	159,441
1541	498,4936
1545	1090
1552	825
1559	6024
1562	1563
1563	1564,1562
1564	1565,1563
1565	14911,1564
1575	9755
1577	1578
1578	1579,1577
1579	1578
1580	289,523,333,55
1581	1582
1582	1583,1581
1583	1582,1584
1584	1583
1586	1587
1587	1586,1588
1588	1587
1590	318
1593	1598
1596	349,331,289
1598	1593
1601	89,289
1607	1629
1609	701
1613	461,298,157,907,475,292
1616	17929
1617	1618
1618	1617
1623	1624
1624	1623
1629	1607
1632	3057
1633	59
1639	1412,424,227
1659	466
1672	1406,846,220,497,173,371,2352,383,498,500
1673	89,464
1684	475,528,325,89
1689	1045
1700	67
1709	1418
1711	1104
1713	233
1714	13
1741	1754
1748	1750
1750	1748,1751
1751	1750,4048
1754	1741
1755	198,615
1771	542
1772	1375
1778	707
1786	1787
1787	7,1786,441
1798	15951
1803	868
1807	67
1822	1823
1823	1822
1830	16518,1831
1831	1830
1853	816,464
1854	377,687,3859
1859	1860
1860	1859
1863	377
1866	540,424,209
1868	1180
1870	920
1873	475
1886	997
1892	153,1895
1895	1892
1896	1898
1898	1896
1907	15678
1909	9556
1915	12799
1921	14697
1934	324,1463,5789,475,89,288,55,199,701,1379,289,378
1939	1940
1940	1939
1944	3057
1957	227,1513
1971	430
1974	917,724,163,198
1983	72
1992	152
1996	2010
2010	1996
2013	2014
2014	89,2013
2020	157,466,333
2021	2523
2022	2024,333
2024	2022
2025	294,333,295,289
2043	36
2058	2073
2072	2078
2073	2058
2078	2072
2080	344
2083	293,3399,466,65,689,89
2091	292
2092	525,2094,288
2094	55,67,2092,298
2102	543
2130	439
2131	1090
2134	2137,207
2137	2134
2146	2673
2176	540
2189	2202
2191	2212
2195	2197
2197	2195,2205
2202	2189
2205	2197
2208	2216
2212	2191
2216	2208
2218	2221
2219	2223
2221	2218
2223	2219,2224
2224	2260,2223
2225	2231
2228	2256
2230	2257
2231	2225
2232	2246
2233	17553
2235	2262
2236	2247
2246	2232
2247	2236
2253	2254
2254	2253
2256	2228
2257	2230
2260	2224
2262	2235
2265	1242,728
2274	2275
2275	2274
2277	697,1150,1098
2290	17072
2291	2296
2296	2297,2291
2297	2296
2301	2302,17649
2302	2303,2301
2303	2302
2306	2318
2311	2319
2313	2325
2318	2306
2319	2311
2325	2313
2336	10264
2342	923,176
2343	982,959,1369,3471,918,1098,5165,176,2346
2345	2349
2346	159,2343,1119,952,2347
2347	4369,917,533,230,706,2346
2349	2345
2352	1672
2380	500
2385	13728
2395	5249
2398	3691
2411	2412
2412	2411
2424	154
2444	717
2451	344
2454	292
2463	1358
2466	11782
2485	2492
2492	2485
2498	701
2499	2516
2503	2517
2504	13646
2516	2499
2517	2503
2521	302,288,333,154,528,292,300,903
2523	55,299,306,2021
2531	159,227
2535	425
2540	11494
2545	289
2548	464,333
2561	15599
2572	2573
2573	2572
2576	4262
2581	2589
2582	1099
2589	2581
2595	536
2603	2604
2604	2603
2614	533
2617	2618
2618	2617
2624	959
2632	302
2635	2636
2636	2635
2647	2648
2648	2647
2659	2662
2662	2659
2673	2146
2676	418,2677
2677	2676
2683	2696
2685	2718
2686	2687
2687	2686
2689	2690
2690	2689
2691	441
2696	2683,2707
2697	2722
2700	2726
2701	2717
2705	2706
2706	2705,2724
2707	2696
2709	2733
2712	2730
2717	2701
2718	2685
2722	2697
2724	2706
2726	2700
2730	2712
2731	17435
2733	2709
2736	2737
2737	2736
2739	2740
2740	2739,2741
2741	2740
2744	1104
2746	837
2753	8519
2786	2864
2787	607,917,1369,724
2789	533
2798	11697
2810	6841
2823	2824
2824	2823
2825	2826
2826	2827,2825
2827	2826
2834	1206
2850	779,1181,486,222
2855	227,436
2861	1372
2862	2866
2864	2786,2873
2865	2895
2866	2862
2872	2882
2873	2864
2882	2872
2890	2897
2895	2865
2897	2890
2904	6885
2916	2919
2917	2918
2918	2917
2919	2916
2923	475
2925	2926
2926	2925
2928	2929
2929	2928
2933	7070
2938	173,59
2946	2947
2947	2946
2951	2958
2958	2951
2959	486
2977	300,65,352
2991	3023
3000	1232
3005	3007
3006	586
3007	3005
3008	3021
3009	3012
3010	3015
3012	3009
3015	3010
3021	3008
3023	2991
3057	1944,229,1632,207
3062	7852
3078	813
3081	67,13709
3090	3091
3091	3090
3099	3103
3103	3099,3107
3107	3103
3110	418
3119	193
3135	3136
3136	3157,3135
3137	3163
3139	3140
3140	3139
3141	3142
3142	3143,3141
3143	3144,3142
3144	3143
3146	16099
3148	3149
3149	3150,3148
3150	3151,3149
3151	3150,3152
3152	3153,3151
3153	3152
3157	3136
3159	3160
3160	3159,3161
3161	3162,3160
3162	3161
3163	3137
3166	3167
3167	3166,3168
3168	3167
3171	333
3184	1300
3198	289
3200	65,298,89
3201	689
3221	14907
3222	15618
3225	16781,14279
3227	267
3254	17618
3258	1048
3259	190
3265	14392
3280	515,233,59
3284	3297
3288	1464
3293	65
3297	3284
3317	327
3350	3358
3352	18706
3354	234
3356	3361
3358	3350
3361	3356
3371	182
3373	209
3397	701,318
3399	2083
3404	461,288,528
3406	3407
3407	3406
3409	3410
3410	3409
3411	632
3427	898
3439	14086
3466	326,65
3470	1343,706
3471	2343
3481	4784
3485	17483
3491	909
3503	285
3506	7023
3512	6661
3521	7478
3529	18160,5887
3539	5193
3552	17713
3582	3605
3584	360
3594	3601
3601	3594,3610
3605	3582
3610	3601
3615	3622
3616	859
3618	3623,204
3622	3615
3623	3618
3645	3665
3663	11515
3665	3645
3670	1383
3674	89
3678	6320
3691	2398
3707	1116
3719	843
3741	1047
3747	228
3753	536
3782	3783
3783	3782
3784	3785
3785	3784,9121,3786
3786	3787,3785
3787	3786
3840	18378
3854	3855
3855	3854
3859	190,1854
3875	8206
3879	3880
3880	3879
3901	186
3910	16602
3931	3932
3932	3931
3935	3936
3936	3935
3948	167
3949	3970
3950	3975
3951	3957
3956	3964,6106
3957	3951,3977
3958	3971
3959	3983
3964	3956
3968	1460
3970	3949
3971	3958
3972	3981
3975	3950,3984
3977	3957
3981	3972
3983	3959
3984	3975
3986	3987
3987	3986
3988	72
3989	3990
3990	3989
3998	4008
4000	4001
4001	4000
4005	4006
4006	4005
4008	3998
4009	4010
4010	4009
4011	4016
4012	4018
4013	4020
4016	4011,4017
4017	4016
4018	4019,4012
4019	4018
4020	4021,4013
4021	4020
4035	9733
4048	1751
4050	4054
4054	4050
4060	4071
4071	4060
4074	228,1376
4075	4076
4076	4075
4078	10106
4080	13891
4095	15387
4115	222
4122	18718
4126	163
4139	4140
4140	4141,4139
4141	4142,4140
4142	4141
4144	4145
4145	4144,4146
4146	4147,4145
4147	4148,4146
4148	4147
4150	4151
4151	14247,4152,4150
4152	4151
4170	371
4180	72
4186	4206
4190	4221
4203	11414
4206	4186
4221	4190
4223	1043
4234	4236
4236	4234
4248	4249,6157
4249	4248
4262	2576
4267	4284
4284	4267
4285	6258
4300	4301
4301	4302,4300
4302	4301,4303
4303	4302,4304
4304	4305,4303
4305	4304
4308	959
4310	11330
4316	227
4322	4337
4337	4322
4357	4358
4358	4357
4362	4363
4363	4362,4364
4364	4363
4367	4368
4368	4367
4369	2347
4370	4371
4371	4372,4370
4372	4371,4373
4373	4372
4376	4377
4377	4376,4378
4378	4377
4381	4389
4383	4390
4389	4381
4390	4383
4395	4396
4396	4397,4395
4397	4398,4396
4398	4407,4397
4399	4400
4400	4401,4399
4401	4400
4402	4403
4403	4402,4404
4404	4403,4406
4405	16171,4419
4406	4404
4407	4398
4415	4420
4419	4405
4420	4415,4421
4421	4420
4426	4427
4427	4426
4448	154
4450	4454
4452	4459
4454	4450
4459	4452
4462	7083
4464	9374
4467	11245
4474	288
4498	4506
4505	4510
4506	4498
4510	4505
4516	4517
4517	4516
4518	4519
4519	4518
4523	4524
4524	4523
4526	4527
4527	4526,4528
4528	4527
4529	4530
4530	4529
4533	4534
4534	4533
4536	9616,4537
4537	4536
4544	4546
4546	4544,4547
4547	4546
4554	4555
4555	4556,4554
4556	4555
4562	328
4566	288
4569	4570
4570	4569
4580	8079
4590	18292
4606	4607
4607	4606
4619	548
4625	4626
4626	4639,4625
4627	4655
4628	4661
4629	4657
4630	4631
4631	4630,4632
4632	4631,4659
4633	4634
4634	4645,4633
4635	4641
4636	16259
4638	4648
4639	4626
4641	4635
4645	4634
4648	4638
4651	4663
4655	4627
4656	4660
4657	4629
4659	4632
4660	4656
4661	4628
4663	4651
4686	9736
4687	9759
4697	4698
4698	4697,4699
4699	4698
4707	291
4716	424
4722	7197
4724	16300
4733	9011
4737	15976
4738	4758
4739	4752
4743	4754
4752	4739
4754	4743
4755	4759
4758	4738
4759	4763,4755
4763	4759
4775	11570
4784	3481
4801	13943
4809	10755
4814	299
4817	65
4818	298
4838	4845
4845	4838
4855	4857
4857	4855
4881	4882
4882	4881
4884	4885
4885	4884,4886
4886	4885
4894	4895
4895	4894
4899	4900
4900	4899,4901
4901	4900,4902
4902	4901,4903
4903	4902
4906	4907
4907	4906,4908
4908	4907,4909
4909	4908,4910
4910	4909,4911
4911	4910
4932	11336
4936	1541
4950	4951
4951	4950,4952
4952	4953,4951
4953	4952,4954
4954	4953,4955
4955	4954
4956	4957
4957	4956
4960	4961
4961	4960,4973
4962	4963
4963	4962
4967	4968
4968	4967
4973	4961
4976	15670
4985	4986
4986	4985
4991	4992
4992	4991,4993
4993	4992
5021	17243
5028	18203
5039	11388,17608
5042	9933
5052	17453
5053	5706
5061	13852
5090	5091
5091	5092,5090
5092	5091
5101	11851
5105	1274
5114	18443
5116	5117
5117	5118,5116
5118	5117
5127	5146,15507
5140	1186
5146	5127
5165	2343
5175	599
5177	5178
5178	5177,5179
5179	5178
5181	5182
5182	5181,5183
5183	5182
5189	5190
5190	5189
5193	3539,5194
5194	5195,5193
5195	5196,5194
5196	5195
5198	5199
5199	5198,5200
5200	5199
5206	5207
5207	5206
5210	17055
5218	5219
5219	5220,5218
5220	5219,5221
5221	5220,5222
5222	5223,5221
5223	5224,5222
5224	5225,5223
5225	5224
5237	154
5249	2395
5250	18354
5267	291
5274	5291
5275	5293
5276	17609
5277	5285
5278	5284
5282	5290
5284	5278
5285	5277
5290	5282
5291	5274,5292
5292	5291
5293	5275
5309	5312
5312	5309
5315	412,5319
5319	5324,5315
5324	5319
5328	5357
5330	5364
5332	16164
5336	5361
5347	5501
5352	10337
5357	5328
5361	5336,11536
5362	5363
5363	5362
5364	5330
5367	15030,5368
5368	5367,5369
5369	5368,5370
5370	5369,5371
5371	5370,5395
5372	5373
5373	5372,5374
5374	5373
5376	5377
5377	5376,5378
5378	5379,5377
5379	5378,5380
5380	5398,5379
5383	5384
5384	5383,5385
5385	5384
5386	5401
5388	5389,16308
5389	5388,5390
5390	5389
5391	15029
5392	5393
5393	5392
5394	5396
5395	5371
5396	5394
5397	5403
5398	5409,5380
5401	5386
5403	5397
5404	5405
5405	5404
5406	5407
5407	5406
5409	5398
5415	12361
5416	89
5429	229
5430	5431
5431	5430,5432
5432	5431
5435	5436
5436	5435
5442	5448
5448	5442
5464	5786
5492	5524
5494	5512,1269
5497	5508
5499	5518
5500	5514
5501	5347,5519
5502	5520
5505	5511
5508	5497
5511	5505
5512	5513,5494
5513	5512
5514	5500
5518	5499
5519	5501
5520	5502
5524	5492
5533	323
5538	5540
5540	5538,5541
5541	5540,5542
5542	5541
5551	5552
5552	5551
5554	5555
5555	5554
5556	5557
5557	5558,5556
5558	5557,5559
5559	5558
5566	10935
5572	5573,9573
5573	5572
5598	5607
5599	5613
5602	8937
5607	5598
5613	5599
5614	15663
5618	5620
5620	5618,5621
5621	5620,5622
5622	5623,5621
5623	5622
5632	17937,5637
5635	5643
5637	5632
5642	5646
5643	5635
5646	5642
5674	17557
5690	5691
5691	5690
5693	8061
5694	9510
5699	5700
5700	5701,5699
5701	5702,5700
5702	5714,5701
5703	5712
5704	5713
5706	5053
5711	1329,5717
5712	5703
5713	5704
5714	5702
5715	14295
5717	5719,5711
5719	5717
5727	5728
5728	5727
5732	5733
5733	5734,5732
5734	15946,5733
5736	5737
5737	5736,5738
5738	5737,5739
5739	5740,5738
5740	5741,5739
5741	5742,5740
5742	5741,5743
5743	5742,5744
5744	8989,5743
5750	15357
5762	5763
5763	5762,16559,5764
5764	5763
5776	5777
5777	5776
5786	5464
5787	69
5789	1934
5791	5792
5792	5791
5795	5796
5796	5795
5800	5801
5801	5802,5800
5802	5801
5804	5805
5805	17389,5804
5816	5830
5818	5821
5821	5831,5818
5830	5816
5831	5821
5834	5835
5835	5834
5838	5842
5839	5840
5840	5839
5842	5838
5849	5850
5850	5849
5852	5853
5853	5852
5858	5888
5859	5885
5860	5878
5861	5870
5862	5872,17706
5865	5880
5866	5867
5867	5866
5869	5877
5870	5861
5872	5862
5877	5869
5878	5860
5880	5865
5881	5884
5884	5881
5885	5886,5859
5886	5885
5887	3529
5888	5858
5890	212
5896	5900
5897	5898
5898	5897
5900	5896
5903	5908
5908	5903,5920
5915	9273
5920	5908
5926	298
5951	5952
5952	5951
5956	5957
5957	5956
5964	6028
5970	16188
5994	5995,655
5995	5996,5994
5996	5995
5997	5998
5998	5997
5999	7967
6001	6002
6002	6001
6010	6011
6011	6010
6019	6029
6022	6023
6023	6022
6024	1559
6028	5964
6029	6019
6038	9731
6051	10838
6057	6058
6058	6059,6057
6059	6058
6061	6062
6062	6061
6068	6069,18447
6069	6068,6070
6070	6069,6071
6071	6070
6076	6088
6078	6112
6079	6118
6080	6090
6082	6085
6084	6092
6085	6082,6096
6088	6076,6107
6089	6116
6090	6110,6080
6092	6084
6095	6099
6096	6085
6099	6100,6095
6100	6099,6115
6102	6103
6103	6102
6104	6105
6105	6104
6106	3956,6111
6107	6088
6110	6090,6117
6111	6106
6112	6078
6115	6100
6116	6089
6117	6110
6118	6079
6120	377
6131	6135
6135	6131
6136	624
6141	6142
6142	6141,6143
6143	6142
6149	6175
6154	6156
6156	6154
6157	4248,6170
6170	6157,6171
6171	6172,6170
6172	6171
6175	6149
6177	6178
6178	6177
6183	6184
6184	6185,6183
6185	6184
6208	6209
6209	6208
6211	6212
6212	6211
6217	221
6236	6237
6237	6236
6238	6239
6239	6240,6238
6240	6239
6243	10700,6244
6244	6243
6258	4285
6263	7716
6289	943
6299	8041
6301	13580
6308	913
6310	6314
6314	6310
6319	9817
6320	6338,3678
6326	17351
6328	6337
6337	6328
6338	6320
6351	6352
6352	6353,6351
6353	6352,6354
6354	6353
6355	6356
6356	6355,6357
6357	6356
6359	6360
6360	6359
6364	6365
6365	6364
6366	6367
6367	6366
6369	6370
6370	6369
6371	6372
6372	6371
6373	6386
6374	11849
6379	6388
6386	6373
6388	6379
6392	6393
6393	6392
6400	16653
6431	6432
6432	6431
6433	6434
6434	6433,6435
6435	6436,6434
6436	6435,16007,6437
6437	6438,6436
6438	6437
6441	6442
6442	6443,6441
6443	6442,6444
6444	6445,6443
6445	6446,6444
6446	6447,6445
6447	6446
6449	6450
6450	6451,6449
6451	6450
6452	857
6453	481
6467	6482
6468	6481
6470	6476
6473	6486
6476	6470,6485
6481	6468
6482	6467
6485	6476
6486	6473
6495	14109
6500	6501
6501	6500
6502	6503
6503	6502
6507	6508
6508	6507,6513
6513	6508
6525	6526
6526	6525
6531	6532
6532	6533,6531
6533	6532
6534	1412
6537	6538
6538	6537
6545	6546
6546	6545
6552	6593
6566	8090
6573	6579
6579	6573
6593	6552
6606	6615
6615	6606
6619	6620
6620	6619
6622	6623
6623	6622,6624
6624	6625,6623
6625	6624
6628	6630
6630	6628
6632	14363
6634	6635
6635	6634
6654	6660
6660	6654
6661	6662,3512
6662	6663,6661
6663	6662,6664
6664	6663,6665
6665	6664,6666
6666	6665
6669	6670
6670	6669,6671
6671	6670,6672
6672	6671,6673
6673	6674,6672
6674	6673,6675
6675	6674
6679	6680
6680	6679,6682
6682	6680,6683
6683	6682,6684
6684	6683
6694	6695
6695	6694
6714	55
6730	869
6740	13160
6755	18034
6761	12198
6766	6767
6767	6768,6766
6768	6767
6782	6783
6783	6782
6786	6787
6787	6786,6788
6788	6787
6798	6815,18468
6799	6806
6802	6810
6806	6799
6807	6808
6808	6807
6810	6802,6811
6811	6810
6812	6813
6813	6812
6815	6798
6828	6829
6829	6828
6831	13930
6837	6838
6838	6839,6837
6839	6838
6841	2810
6844	6849
6849	6844,6850
6850	6849,17634
6858	6859
6859	6858
6860	6861
6861	6860,6862
6862	6861,13734,6863
6863	6862,6864
6864	6863
6866	6867
6867	6866
6871	18740
6885	2904,6886
6886	6885
6888	6889
6889	6888,6890
6890	6891,6889
6891	6890,6892
6892	6893,6891
6893	6894,6892
6894	6893,6895
6895	6896,6894
6896	6895,6897
6897	6898,6896
6898	6897,6899
6899	6898,6900
6900	17926,6899
6902	12968
6908	6909
6909	6908
6912	6913
6913	6912
6916	6917
6917	6916,6918
6918	6919,6917
6919	6918
6921	6922
6922	6921
6924	6931
6928	6929
6929	6928
6931	6924,6932
6932	6931
6934	6935
6935	6934,6936
6936	6935,6937
6937	6936,6938
6938	6937,6939
6939	6938
6940	9254
6946	14651
6950	163
6952	6953
6953	6952
6963	6964
6964	6965,6963
6965	6966,6964
6966	6967,6965
6967	6968,6966
6968	6967,6969
6969	6968,6970
6970	6969,6971
6971	6970,16914,6972
6972	6971,6973
6973	6974,6972
6974	6973,6975
6975	6976,6974
6976	6975,6977
6977	6978,6976
6978	6977,6979
6979	6980,6978
6980	6979
6981	6982,11110
6982	6981
6984	6985
6985	6986,6984
6986	6987,6985
6987	6986,6988
6988	6989,6987,11095
6989	6990,6988
6990	12746,6991,6989
6991	6992,6990
6992	6991
6994	17667
6995	17661,12795
7002	12804
7014	7024
7016	7034
7017	7032
7019	7020
7020	7019
7023	3506,9994
7024	7014,7036
7026	7035
7032	7017
7034	7016
7035	7026
7036	7024
7037	16469
7041	15461
7070	2933
7080	16911
7083	4462,9166
7085	7086
7086	7085
7087	7088
7088	7087
7089	7090
7090	7089
7098	7107
7102	7103
7103	7104,7102
7104	7105,7103
7105	7104
7107	7098
7196	7242
7197	7198,4722
7198	7197
7202	7215
7203	11149
7204	7207
7205	7214
7206	7228
7207	7204,7209
7208	7216
7209	7207
7210	7220
7211	7236
7213	7221
7214	7205
7215	7202,7222
7216	7208
7217	7230
7220	7210
7221	7238,7213
7222	7215
7225	213
7228	7206,7234
7229	7240
7230	7231,7217
7231	7230,7232
7232	7231
7234	7228
7235	14505
7236	7211
7238	7221
7240	7229
7241	8289
7242	7196
7250	7251
7251	7250
7254	7255
7255	7254
7260	316
7262	10273
7271	7275
7272	11415
7275	7271
7294	7317
7295	7316
7308	7313
7312	14775
7313	7308
7316	7295
7317	7294
7344	7345
7345	7344
7364	7372
7367	7371
7371	7367
7372	7364
7373	7496
7384	7385
7385	7384
7387	13401,7388
7388	7387
7393	291
7399	7400
7400	7399,7401
7401	7400
7424	7435
7435	7424
7442	17795
7450	7451
7451	7450
7466	16755
7474	7480
7475	7487
7477	7490
7478	3521
7480	7474
7481	7491
7487	7475
7490	7477
7491	7481
7496	7373
7513	7522
7522	7513
7523	7548
7527	7552
7528	7545
7529	7536
7533	7539
7536	7529
7539	7533
7542	7543
7543	7542,7549
7545	7551,7528
7548	7523
7549	7543
7551	7545
7552	7527
7556	7559
7557	7598
7558	17119,7583
7559	7556,7593
7560	7574
7561	7589
7562	7569
7563	7578
7564	7599
7565	7601
7566	7592
7569	7584,7562
7571	7595
7572	7575
7574	7596,7560
7575	7572
7578	7563,7597
7579	7594
7580	7585
7583	7558,7602
7584	7569
7585	7580
7589	7561
7590	7603
7592	7566
7593	7559
7594	7579
7595	7571
7596	7574
7597	7578
7598	7557
7599	7564
7601	7565
7602	7583
7603	7590
7604	7612
7605	7609
7607	7608
7608	7607
7609	7605
7612	7604
7615	16168
7624	4
7629	7633
7630	7631
7631	7632,7630
7632	7631
7633	7629
7637	8999
7651	14631
7658	7659
7659	7658
7681	14490
7682	7697
7697	7682
7707	14878
7708	11166
7710	7711
7711	7710
7716	6263
7730	17092
7734	9023
7736	7739
7737	7738
7738	7737
7739	16940,7736
7754	12946
7778	7779
7779	7778,7780
7780	7779
7793	7794
7794	7793
7799	11439
7803	7804
7804	7803,7805
7805	7804,7806
7806	7807,7805
7807	7808,7806
7808	7807,7809
7809	7808
7822	12169
7852	3062
7872	7873
7873	7872
7879	7880
7880	7879
7881	7882
7882	7881
7889	7890
7890	7889
7891	7892
7892	7893,7891
7893	7892
7903	7904
7904	7905,7903
7905	7904
7908	7909
7909	7908,7910
7910	7909
7911	7912
7912	7911
7931	7932
7932	7931
7946	9776
7948	7949
7949	7950,7948
7950	7951,7949
7951	7950,7952
7952	7951,7953
7953	7952,7993
7954	7987,12844
7955	12865,7956
7956	7955,7983
7957	7958
7958	7957,7978
7959	7960
7960	7971,7959
7961	7968
7967	5999
7968	7961
7971	7960
7978	7958
7983	7956
7987	7954
7993	7953
8016	17742
8041	6299
8044	8045
8045	8046,8044
8046	8045
8048	8049
8049	8048,8050
8050	8049
8055	8063
8058	8059
8059	8058
8061	5693
8063	8055
8079	4580
8090	6566
8112	8113
8113	8112
8127	17013
8128	12631
8144	16729
8145	8148
8148	8145
8164	8169
8166	8167
8167	8166
8169	8164
8174	16350
8175	8176
8176	8187,8175
8187	8176
8192	8197
8197	8192
8201	12874
8206	3875
8208	8213
8209	8220
8212	8221
8213	8208,8227
8220	8209
8221	8212
8225	8226
8226	8225
8227	8213
8230	14646
8249	8250
8250	8249
8251	8252
8252	8253,8251
8253	8252
8256	8257
8257	8256
8266	18401
8289	7241
8301	8302
8302	8301
8305	8306
8306	8305
8319	8320
8320	8319,13978,8321
8321	8320
8325	8326
8326	8325
8334	8335
8335	8343,8334
8336	8337
8337	8338,8336
8338	8337,8339
8339	8340,8338
8340	8339
8341	13873
8343	8335
8358	8359
8359	8358
8362	8363
8363	8362
8364	8365
8365	8364
8366	8367
8367	8366
8370	8377
8377	8370
8388	8389
8389	8388
8394	17676
8397	17656
8400	17715
8408	12184
8428	8443
8429	8430,15562
8430	8429
8433	8447
8441	8453
8443	8428
8447	8433,8448
8448	8447
8453	8441,8456
8456	8453
8466	11789
8478	13261
8480	16791
8482	8483
8483	8482
8484	8485
8485	8484
8486	8487
8487	8486
8489	8490
8490	8489
8501	8502
8502	8501
8511	8512
8512	8511
8515	8522
8518	8520
8519	2753,8526
8520	8518
8522	8515,8542
8523	8525
8524	8527
8525	8523,8532
8526	8519
8527	8524
8532	8525
8542	8522
8553	16291
8560	14496
8582	72
8589	289
8598	8599
8599	8598
8619	8636
8620	8630
8622	8627
8623	8625
8625	8623,16190,8626
8626	8625
8627	8628,8622
8628	8627
8630	8631,8620
8631	8632,8630
8632	8631,8633
8633	8632,8634
8634	8633,8635
8635	8634
8636	8637,8619
8637	8638,8636
8638	8637,8639
8639	8638,8640
8640	8639
8660	8661
8661	8660
8663	13880
8681	9815
8699	18690
8728	8732
8732	8728
8747	8748
8748	8751,8747
8750	14050
8751	8748
8752	12025
8753	8754
8754	8753
8761	289
8769	8770
8770	8769
8771	8772
8772	8771
8773	8774
8774	8773
8775	8776
8776	8775
8777	8778
8778	8777
8779	8780
8780	8779
8783	8784
8784	8785,8783
8785	8784
8791	8792
8792	8791
8796	8797
8797	8798,8796
8798	8797
8800	8801
8801	8800
8803	18399
8806	8821
8811	8823
8814	8815
8815	8814
8819	564
8821	8806
8823	8811,9021
8845	8846
8846	8847,8845
8847	8846
8848	8849
8849	8850,8848
8850	8851,8849
8851	8852,8850
8852	8851
8855	8856
8856	8858,8855
8858	8856
8859	8860
8860	8861,8859
8861	8862,8860
8862	8861
8870	8871
8871	8870
8876	16702
8905	8906
8906	8907,8905
8907	8908,8906
8908	8909,8907
8909	8908
8912	8913
8913	8914,8912
8914	8913
8916	8917
8917	8916,8918
8918	8919,8917
8919	8920,8918
8920	8919
8937	14841,5602
8948	10750
8951	13613
8968	8979
8976	8977
8977	8976,13220
8979	8968,8984
8984	8979
8989	5744,8994
8994	8989
8999	7637
9011	4733
9015	9027
9017	9030
9018	9019
9019	9034,9018
9020	9036
9021	8823,9039
9023	7734
9024	9025
9025	9026,9024
9026	9025
9027	9015
9030	9031,9017
9031	9030
9033	666
9034	9019
9036	9020
9037	9038
9038	9037
9039	9021
9041	9071
9042	9075
9043	9061
9044	9054
9049	9057
9053	17130
9054	9044,9055
9055	9054,9059
9057	9049
9059	9055
9061	9043
9063	9073
9064	17983,9069
9065	9066
9066	9067,9065
9067	9066
9069	9070,9064
9070	9069
9071	9072,9041
9072	9071
9073	9063,9074
9074	9073
9075	9042,9076
9076	9077,9075
9077	9076,9078
9078	9077
9083	9084
9084	12215,9085,9083
9085	9086,9084
9086	9085
9088	9104
9092	9093
9093	9094,9092
9094	9100,9093
9095	9099
9096	9097
9097	9096,9098
9098	9097
9099	9095
9100	9094
9104	9088
9110	1157
9121	3785
9133	9134
9134	9133,9135
9135	9134
9138	9139
9139	9138
9141	9142
9142	9141
9145	9148
9148	9145
9149	12677
9162	15035
9166	7083
9173	9180
9180	9173
9184	9194
9189	9192
9190	9191,18404
9191	9190
9192	9189
9194	9184
9207	9215
9215	9207
9216	9217
9217	9216,9220
9220	9221,9217
9221	9220
9223	14913
9226	13673
9240	9245
9244	4
9245	9240
9254	6940
9267	9275
9268	9269
9269	9268
9273	5915
9275	9267
9287	9288
9288	9287
9289	9562,9290
9290	9291,9289
9291	9290,9292
9292	9291,9293
9293	9292
9294	9295
9295	9294,9296
9296	9297,9295
9297	9296
9302	9303
9303	9302
9304	9305
9305	9304,9306
9306	9305
9308	9309
9309	9308,9310
9310	9309,9311
9311	9310,9312
9312	9311,9313
9313	9312,9314
9314	9313,9315
9315	9314
9316	9317
9317	9316,9318
9318	9317,9319
9319	9318
9335	10204,9336
9336	9335,9337
9337	9336,10205
9339	10206
9340	9341
9341	9340,9342
9342	9341,15764
9355	9358
9357	11532
9358	9355
9363	10843
9372	9373
9373	9372
9374	4464
9385	9386
9386	9385,9387
9387	9386
9389	9390
9390	9389,9391
9391	9390,9392
9392	9391
9393	9394
9394	9393,9395
9395	9394
9407	9408
9408	9407,9409
9409	9408
9411	9412
9412	9411,9413
9413	9412,9414
9414	9413,9415
9415	9414,9416
9416	9415
9418	9426
9422	13443
9424	9436
9426	9418
9436	9424
9438	9439
9439	9438
9442	9443
9443	9442
9449	9450
9450	9449
9455	9456
9456	9455
9471	9473
9473	9471
9476	9477
9477	9476
9478	9479
9479	9478,9480
9480	9479,9481
9481	9482,9480
9482	9481,9483
9483	9484,9482
9484	9483
9488	9489
9489	9490,9488
9490	9491,9489
9491	9490,9492
9492	9493,9491
9493	9492
9507	9508,13178
9508	9507
9510	5694
9516	11293
9525	9526
9526	9525
9537	9538
9538	9537
9542	18347
9548	9549
9549	9548
9551	9553
9552	9560
9553	9551
9556	9557,1909
9557	9556
9560	9552
9561	9565
9562	9289
9565	9561
9568	9584
9571	9574
9573	5572,9582
9574	9571
9582	9573,16901
9584	9568
9589	9617
9590	9618
9591	16307
9592	9620
9594	9621
9604	9627
9606	9623
9613	9619
9615	9622
9616	4536
9617	9625,9589
9618	9590
9619	9624,9613
9620	9592
9621	9594
9622	9615
9623	9606,9626
9624	9619
9625	9617
9626	9623
9627	9628,9604
9628	9627
9642	9643
9643	9642
9653	9657
9656	13363
9657	9653
9660	9661
9661	9660
9682	9683
9683	9682
9685	9686
9686	9685
9690	9691
9691	9690
9692	9693
9693	9692
9694	9695
9695	9694
9696	9697
9697	9696
9699	9705
9705	9699,9712
9707	11797
9712	9705
9731	6038
9733	4035
9736	4686,9748
9748	9736
9749	9750
9750	9749,9751
9751	9752,9750
9752	9751
9754	9756
9755	9760,1575
9756	9754
9759	4687
9760	9755
9776	7946
9789	9793
9793	9789
9795	9807
9804	18543
9807	9795,13252
9815	8681
9817	6319
9823	511
9826	9827
9827	9826
9836	9843
9837	9838
9838	9837,12229
9839	16101,17707
9843	9836
9852	13519
9858	14367
9893	9894
9894	9893,9895
9895	9894
9900	9913
9910	9911
9911	9910
9913	9900
9915	9916
9916	9917,9915
9917	9916,9918
9918	9917,9919
9919	9918,9920
9920	9919
9921	9922,18635
9922	9923,9921
9923	9922,9924
9924	9923,9925
9925	9924
9933	5042
9948	13096
9952	16356
9982	15822
9988	9989
9989	9988,9990
9990	9989,9991
9991	9990,9992
9992	9993,9991
9993	9992
9994	9995,7023
9995	9994,9996
9996	9995
9998	9999
9999	9998,10000
10000	10001,9999
10001	10000,10002
10002	10001,17971,10003
10003	10002
10005	10006
10006	10005
10010	10011
10011	10012,10010
10012	10011,10013
10013	10012
10014	10015
10015	10014
10027	10028
10028	10027
10029	10030
10030	10031,10029
10031	10030
10032	10033
10033	10032
10043	10055
10047	14898,10048
10048	10047
10050	10051,15383
10051	10050
10055	10043
10058	10059
10059	10058
10064	10065
10065	10064,10066
10066	10065,10067
10067	10066,10068
10068	10067
10077	10078
10078	10077
10086	10096
10087	10089
10088	10103
10089	10087
10096	10099,10086
10099	10096
10103	10088
10106	4078
10113	18342
10116	10388
10128	10149
10129	10150
10132	10153
10136	10158
10138	10159
10149	10128
10150	10129
10153	10132
10158	10136
10159	10138
10160	10161
10161	10160
10165	10166
10166	10165,10167
10167	10166,10168
10168	10167,10169
10169	10168,10170
10170	10169,10171
10171	10172,10170
10172	10171,10173
10173	10172,10174
10174	10173
10185	10186
10186	10185,10187
10187	10188,10186
10188	10189,10187
10189	10188,10190
10190	10191,10189
10191	10190
10197	10198
10198	10199,10197
10199	10198
10200	10201
10201	10200
10204	9335
10205	9337
10206	9339
10219	18439
10230	10247
10233	10246,17717
10246	10233
10247	10230,16163
10250	10278
10251	10260
10252	10282
10253	10258
10255	10267
10258	10253
10260	10251
10261	10266
10263	10268
10264	2336,10271
10266	10276,10261
10267	10255
10268	10263,10269
10269	10268
10271	10264
10273	7262
10276	10266
10278	10250
10282	10252
10289	11394
10325	10326
10326	10325
10331	10332
10332	10331
10334	10335
10335	10334,10336
10336	10335,10338
10337	5352
10338	10339,10336
10339	10340,10338
10340	10339,10341
10341	10340,10342
10342	10341,10343
10343	10342,10344
10344	10343,10345
10345	10346,10344
10346	10345,10347
10347	10348,10346
10348	10349,10347
10349	10350,10348
10350	10351,10349
10351	10352,10350
10352	10351,10353
10353	10352,10354
10354	10353,10355
10355	10354,10356
10356	10355,10357
10357	10356
10359	10360
10360	10359,10361
10361	10360,10362
10362	10361
10364	10365
10365	10364,10366
10366	10367,10365
10367	10366,10368
10368	10367,10369
10369	10368
10371	10372
10372	10371,10373
10373	10372,10374
10374	10373,10375
10375	10376,10374
10376	10375
10379	10386
10386	10379
10388	10116
10392	10393
10393	10392
10395	10396
10396	10395
10397	10398
10398	10397
10402	16875
10419	10420
10420	10419
10422	10423
10423	10422
10425	10426
10426	10425
10431	10432
10432	10433,10431
10433	10432,10434
10434	10435,10433
10435	10434
10438	10439
10439	10438
10470	10471
10471	10470
10478	12422
10482	10483
10483	10482,10484
10484	10485,10483
10485	10486,10484
10486	10485,10487
10487	10488,10486
10488	10487
10492	10493
10493	10494,10492
10494	10493,10495
10495	10494
10497	10498
10498	10499,10497
10499	10498,10500
10500	10501,10499
10501	10500,10502
10502	10501
10503	10504
10504	10505,10503
10505	10504
10506	10507
10507	10506
10527	10538
10538	10527
10543	14487
10547	11878
10578	10580
10580	10578
10596	15596
10611	11983
10620	15983
10622	10623
10623	10624,10622
10624	10623
10630	10631
10631	10632,10630
10632	10631,10633
10633	10632,10634
10634	10635,10633
10635	10636,10634
10636	10637,10635
10637	10638,10636
10638	10637
10639	15566
10641	16933
10670	10671
10671	10670
10678	10679
10679	10680,10678
10680	10679
10681	10682
10682	10683,10681
10683	10682
10700	6243
10722	14141
10731	10732
10732	10731
10750	8948
10755	4809
10761	16207
10768	10769
10769	10768,10770
10770	10771,10769
10771	10770,10772
10772	10771,10773
10773	10772
10774	10775
10775	10774,10776
10776	10775,10777
10777	10776
10797	10798
10798	10797
10799	10800
10800	10799,10801
10801	10800,10802
10802	10801,10803
10803	10804,10802
10804	10803,10805
10805	10804,10806
10806	10805
10828	10829
10829	10828
10837	12567
10838	6051
10843	9363
10854	10860
10860	10854
10872	10881
10878	10879
10879	10878
10881	10872,10886
10882	10885
10885	10882
10886	10881
10889	16329
10895	14912
10898	10899
10899	10898
10925	10926
10926	10925,10927
10927	10926,10928
10928	10927
10935	5566
10961	18009
10974	10975
10975	10974
10983	10984
10984	10983,10985
10985	10984
10999	11000
11000	10999,11990
11001	11002
11002	11001
11007	11008
11008	11007
11019	12337
11033	17411,11034
11034	11035,11033
11035	11036,11034
11036	11037,11035
11037	11036,11038
11038	11037,11039,15567
11039	11040,11038
11040	11041,11039
11041	11040
11043	11044
11044	11045,11043
11045	11044,11046
11046	11045,11047
11047	11046
11050	11053
11053	11050
11081	14545
11086	11102
11093	16900
11095	6988,11106
11098	11099
11099	11098
11100	11115
11102	11086
11103	11114
11105	11109
11106	11116,11095
11107	18736
11108	11112
11109	11105
11110	6981
11112	11108
11114	11103
11115	11100
11116	11106
11125	11126
11126	11125
11131	12339
11135	11146
11136	11150
11137	11145
11145	11137
11146	11135
11149	7203
11150	11136
11166	7708
11167	11176
11171	11444
11176	11167
11183	11184
11184	11185,11183
11185	11184
11190	11191
11191	11190
11192	11198,16963
11194	16736
11198	11192
11201	11202
11202	11201
11205	14776
11211	18159
11223	701
11245	4467
11247	11248
11248	11247
11267	11801
11268	13589
11274	11276
11276	11274
11281	16955
11284	11285
11285	11284
11287	11288
11288	11287
11291	11292
11292	11291
11293	9516
11295	11296
11296	11295,11297
11297	11296,11298
11298	11299,11297
11299	11298
11301	11302
11302	11301
11303	11305
11305	11303
11306	11307
11307	11306
11310	11311
11311	11310,11321
11321	11311
11323	11324
11324	11323
11325	11326
11326	11325,11327
11327	11326
11330	4310
11333	16609
11336	4932,11337
11337	11338,11336
11338	11337
11339	11340
11340	11339,11341
11341	11340
11342	11343
11343	11342,11344
11344	11343,11345
11345	11346,11344
11346	11347,11345
11347	11346
11348	11349
11349	11348,11350
11350	11349,11351
11351	11350
11370	13790
11377	18714
11388	5039
11394	10289,11395
11395	11394
11398	11399
11399	11398
11414	4203
11415	7272
11420	13005
11431	11442
11434	11440
11439	7799
11440	11434,11441
11441	11440
11442	11431,17745
11444	11171
11454	1471
11456	11457
11457	11456
11458	11459
11459	11458
11461	11462
11462	11461
11465	15649
11489	13344
11494	2540
11503	11506
11506	11503
11511	13940
11512	13522
11515	3663
11522	11534
11524	11540
11525	11526
11526	11525,11543
11528	11537
11529	11539
11532	11533,9357
11533	11532
11534	11522
11536	5361
11537	11528,11541
11539	11529
11540	11524
11541	11537,11546
11543	11526
11546	11541
11553	11554
11554	11553
11557	11558
11558	11557
11570	4775
11605	11606
11606	11605,16801
11607	17945
11615	11616
11616	11617,11615
11617	11616,11618
11618	11617,11619
11619	11618,11620
11620	11619,11621
11621	11620,11622
11622	11621
11626	11627
11627	11626
11629	11642
11636	14978
11642	18051,11629
11645	11665
11651	11682
11653	11654
11654	11653
11655	11656
11656	11655,11671
11657	11672
11659	11663
11660	11661
11661	11662,11660
11662	11661
11663	11659
11664	11679
11665	11678,11645
11671	11656
11672	11673,11657
11673	11672
11678	11665
11679	11683,11664
11682	11651
11683	11679
11688	11693
11689	11690
11690	11689
11693	11688,11694
11694	11693
11697	2798
11722	15956,11723
11723	11722
11730	11731
11731	11730
11738	11750
11741	13103
11744	11745
11745	11744,11746
11746	11747,11745
11747	11746
11750	11738
11769	12685,11770
11770	11769,11776
11772	11773
11773	11772
11774	15010
11776	11770
11782	2466
11787	11788
11788	11787
11789	8466
11797	9707
11801	11267
11803	15438
11804	11807
11807	11804
11809	11810
11810	11809
11823	11824
11824	11823
11828	11829
11829	11830,11828
11830	11829
11831	11832
11832	11831
11843	11844
11844	11843
11849	6374
11850	16266
11851	5101
11854	11855
11855	11854
11856	11857
11857	11856
11871	13605
11874	16238
11878	10547
11897	11898
11898	11897
11902	11903
11903	11902,11904
11904	11903
11908	11909
11909	11908
11928	11929
11929	11928,11930
11930	11929
11931	11932
11932	11933,11931
11933	11932
11949	12479
11953	11954
11954	11953
11956	15406,11957
11957	11956
11959	11960
11960	11961,11959
11961	11960,11962
11962	11961
11964	11965
11965	11964,11966
11966	11965,11967
11967	11968,11966
11968	11969,11967
11969	11968,11970
11970	11969
11983	10611
11985	16136
11989	13614
11990	11000
12007	12008
12008	12007,12009
12009	12008
12010	12011
12011	12010,12012
12012	12011
12014	12015
12015	12016,12014
12016	12015
12017	12018
12018	12017
12019	12020
12020	12019
12025	8752
12044	12045
12045	12044,12046
12046	12047,12045
12047	12046
12049	12050
12050	12049
12052	12053
12053	12052,12054
12054	12053,12055
12055	12054,12056
12056	12055
12059	13273
12062	12063
12063	12062
12065	12066
12066	12065
12070	12071
12071	12072,12070
12072	12071,12073
12073	12072,12074
12074	12073,12075
12075	12076,12074
12076	12075,12077
12077	12076,12078
12078	12079,12077
12079	12078,12080
12080	12079
12096	14107
12106	12107
12107	12106
12117	12126
12126	12117
12133	12134
12134	12133,16089
12135	12136
12136	12135
12150	12160
12151	12155
12155	12151
12156	12163
12160	12150
12163	12156
12169	7822
12184	8408
12188	12189
12189	12190,12188
12190	12189
12191	12192
12192	12191
12198	6761
12209	12217
12215	9084
12217	12209
12218	16623
12221	12222
12222	12221,12223
12223	12222,12224
12224	12223,12225
12225	12224
12227	13218
12229	12230,9838
12230	12229
12231	12232
12232	12231,12247
12233	12234
12234	12246,12233
12235	12236
12236	12235,12237
12237	12236,12238
12238	12237,12239
12239	12240,12238
12240	12239,12241
12241	12240,12242
12242	12241
12244	12245
12245	12244
12246	12234
12247	12232
12257	16102
12275	12276
12276	12275
12286	12287
12287	12286
12312	12313
12313	12314,12312
12314	12313
12321	12332
12332	12321
12333	12343
12335	12342
12336	12344
12337	11019
12339	11131
12342	12335
12343	12333
12344	12336
12358	15591
12359	12360
12360	12359
12361	12362,5415
12362	12361,12363
12363	12362
12365	16462,12366
12366	12365
12367	12368
12368	12367,12369
12369	12368
12372	12373
12373	12372,12374
12374	14751,12373
12377	12378
12378	12377,12379
12379	12378
12384	12385
12385	12384,12386
12386	17635,12385
12388	12389
12389	12388
12394	12398
12398	12394
12400	12401
12401	12400
12422	10478
12432	12463
12435	12462
12436	12461
12442	12460
12447	12459
12453	12457
12457	12453,12458
12458	12457
12459	12447
12460	12442
12461	12436
12462	12435
12463	12432,12464
12464	12463,12465
12465	12466,12464
12466	12465,12467
12467	12466,12468
12468	12467,12469
12469	12468,12470
12470	12469,12471
12471	12470,12472
12472	12471,12473
12473	12474,12472
12474	12473,12475
12475	12474,12476
12476	12475
12479	11949
12484	12485
12485	12484,12486
12486	12485
12488	12489
12489	12490,12488
12490	12489
12506	12512
12512	12506
12521	12522
12522	12521
12528	12532
12530	12531
12531	12530
12532	12528
12550	15511
12567	10837
12577	12578
12578	12577
12586	12597
12587	12598
12596	14592
12597	12586
12598	12587
12605	14211
12623	12624
12624	12623
12631	8128
12657	12659
12659	12657
12672	12673
12673	12672
12677	9149,12678
12678	12677,12679
12679	12678
12680	12681
12681	12680
12685	11769
12692	12956
12693	12694
12694	12693
12698	14705
12702	12703
12703	12704,12702
12704	12705,12703
12705	12704
12706	12707
12707	12706,12708
12708	12707,12709
12709	12710,12708
12710	12711,12709
12711	12712,12710
12712	12713,12711
12713	12712,12714
12714	12713
12715	12716
12716	12715
12718	12719
12719	12718,12720
12720	12719
12729	12739
12734	13440,12735
12735	12734,12736
12736	12735
12738	13340
12739	12740,12729
12740	12739
12742	12745
12745	12742
12746	6990
12751	15112
12761	12762
12762	12761
12765	12766
12766	12767,12765
12767	12766
12768	12769
12769	12768
12770	12771
12771	12772,12770
12772	12771
12774	12775
12775	12774
12776	12777
12777	12776
12795	6995,12796
12796	12795
12798	12802
12799	1915
12802	12798
12804	7002
12805	12806
12806	12805
12808	12809
12809	12808,12810
12810	12809
12812	12813
12813	12812,12814
12814	12813,12815
12815	12814
12818	12819
12819	12818
12821	12822
12822	12821,12823
12823	12822
12824	12825
12825	12826,12824
12826	12825,12827
12827	12826,12828
12828	12827,12829
12829	12830,12828
12830	12829
12834	18251
12844	7954
12865	7955
12867	12887
12874	8201
12887	12867
12890	18048
12909	15578
12928	12929
12929	12928,12930
12930	12931,12929
12931	12930,12932
12932	12931
12946	7754
12956	12692
12958	15146
12963	15144
12968	6902,12969
12969	12970,12968
12970	12969,12971
12971	12970,12972
12972	12971
12981	12982
12982	12981
12984	12985
12985	12984
12986	12987
12987	12986
12995	12996
12996	12995
12997	12998
12998	12997
13005	11420
13016	13017
13017	13016,13018
13018	13017
13019	13020
13020	13019,13021
13021	13020
13022	13024
13024	13022
13026	13027
13027	13026,13028
13028	13027
13031	13032
13032	13031
13034	13035
13035	13034,13037
13037	13035
13038	13046
13040	13057
13046	13038
13052	18340
13057	13040
13063	13064
13064	13063
13096	9948,13097
13097	13096,13098
13098	13097
13099	13100
13100	13099,13101
13101	13100
13103	11741
13132	13144
13134	13135
13135	13134
13136	13137
13137	13138,13136
13138	13137
13143	14881
13144	13132
13151	13152
13152	13151
13154	15949
13160	6740
13170	15659
13176	18297
13178	9507
13181	16620
13182	16608
13188	13189
13189	13188
13190	13191
13191	13192,13190
13192	13191,13193
13193	13192,13194
13194	13193,13195
13195	13194,13196
13196	13195
13197	13198
13198	13197,13199
13199	13198
13200	13201
13201	13200
13203	13205
13205	13203,13206
13206	13205,13207
13207	13206,13208
13208	13207
13209	13210,16613
13210	13209
13218	12227
13220	8977
13235	13262
13240	13263
13244	17245
13252	9807
13253	16888
13260	16134
13261	8478
13262	13235
13263	13240
13270	13271
13271	13270
13272	17212
13273	12059,13274
13274	13273
13276	13277
13277	13276
13281	17645
13293	13294
13294	13293,13295
13295	13296,13294
13296	14340,13297,13295
13297	13298,13296
13298	13299,13297
13299	13298,13300
13300	13301,13299
13301	13300
13340	12738
13342	13343
13343	13342
13344	11489
13345	13346
13346	13347,13345
13347	13346
13363	9656
13393	13394
13394	13393
13397	13398
13398	13397
13401	7387
13409	13410
13410	13409,13411
13411	13410
13412	13413
13413	13412,13414
13414	13413,13415
13415	13414
13438	13439
13439	13438
13440	12734
13443	9422
13491	16635
13499	13500
13500	13501,13499
13501	13500
13502	14258
13504	13505
13505	13504,13506
13506	13505
13508	13509
13509	13508,13510
13510	13509
13511	13512
13512	13511
13519	13520,9852
13520	13519,13521
13521	13520
13522	11512
13526	13527
13527	13526,13528
13528	13527
13529	13530
13530	13529,13531
13531	13530
13532	13533
13533	13532
13534	13535
13535	13534
13536	13537
13537	13536
13558	17801
13563	18050,13565
13565	13563
13566	13567
13567	13566,13568
13568	13567
13580	6301
13584	13594
13586	721
13587	16334
13589	11268
13590	16328
13592	13596
13594	13595,13584
13595	13594
13596	13592
13598	13599
13599	13598
13605	11871
13607	13608
13608	13607
13613	8951
13614	13623,11989
13617	13626
13618	13625
13623	13614
13624	13631
13625	13629,13618
13626	13617
13629	13630,13625
13630	13629
13631	13624
13637	13638
13638	13637
13639	13640
13640	13639
13646	13647,2504
13647	13646
13648	13649
13649	13648
13653	13654
13654	13653,13655,17303
13655	13654
13665	13666
13666	13665
13670	13671
13671	13670
13673	9226
13675	13676
13676	13675
13690	13699
13692	13696
13696	13692
13699	13690
13709	3081
13718	13719
13719	13718
13728	2385
13734	6862
13735	972
13754	18743
13758	13759
13759	13760,13758
13760	13759
13761	13762
13762	13761,13763
13763	13762
13770	13775
13775	13770
13776	13777
13777	13776
13790	11370,13791
13791	13792,13790
13792	13791,13793
13793	13792,13794
13794	13795,13793
13795	13794,13796
13796	13795,13797
13797	13798,13796
13798	13797,13799
13799	13798,13800
13800	13801,13799
13801	13800,13802
13802	13801,13803
13803	13802,13804
13804	13803,13805
13805	13804,13806
13806	13807,13805
13807	13806,13808
13808	13807,13809
13809	13808,13810
13810	13829,13809
13811	13812
13812	13811,13828
13813	13823,13932
13814	13820
13816	18710
13820	13814
13823	13813
13827	17204
13828	13812
13829	13810
13847	13848
13848	13847
13852	5061
13857	16198
13866	13867
13867	13866,13868
13868	13867,13869
13869	13868
13873	8341
13880	8663
13883	13884
13884	13883
13891	4080
13902	16074,17199
13912	1230
13916	13920
13917	13924
13919	13921
13920	13916
13921	13919
13924	13917
13930	6831
13932	13813
13936	13942
13940	11511
13942	13936
13943	4801
13947	13948
13948	13947,13957
13949	13950
13950	13949
13953	16317
13955	13956
13956	13955
13957	13948
13969	13970
13970	13969,13971
13971	13970
13978	8320
13987	13988
13988	13987
13994	13995
13995	13994
13999	14008
14004	16508
14008	13999
14011	14012
14012	14011
14015	14021
14017	14023
14019	577,14029
14021	14015
14023	14017
14025	14026
14026	14025
14029	14019,14030
14030	14029,14031
14031	14030
14033	14034
14034	14033
14035	14036
14036	14035
14037	14038
14038	14037,14039
14039	14038,14040
14040	14041,14039
14041	14040,14042
14042	14041,14043
14043	14042
14050	8750
14063	14064
14064	14063,14065
14065	17865,14064
14066	14067
14067	14066
14068	14069
14069	14068
14072	14504
14073	14082
14076	14077
14077	14078,14076
14078	14077
14080	14081
14081	14080
14082	14073
14084	16305
14086	3439
14107	12096
14108	14119,16261
14109	6495,14120
14115	14116
14116	14115
14119	14108
14120	14109
14121	14122
14122	14121
14124	15720
14128	18387
14139	14140
14140	14139
14141	10722
14145	14146
14146	14145
14154	14155
14155	14154,14156
14156	14155
14158	14159
14159	14158,14160
14160	14161,14159
14161	14160
14162	14163
14163	14162,14164
14164	14165,14163
14165	14164,14166
14166	14165,14167
14167	14166,14168
14168	14167,14169
14169	14170,14168
14170	14171,14169
14171	14170,14172
14172	14171
14174	14176
14176	14177,14174
14177	14176
14178	14179
14179	14180,14178
14180	14179,14181
14181	14182,14180
14182	14183,14181
14183	14182
14197	14198
14198	14197
14203	14204,15181
14204	14203,14205
14205	14204,14206
14206	14205,14207
14207	14206
14209	14210
14210	14209
14211	12605
14225	14227
14226	14228,18070
14227	14225
14228	14226
14233	14234
14234	14235,14233
14235	14234
14238	14241
14241	14238
14247	4151
14249	14253
14253	14249
14258	13502
14279	3225,15883
14284	14292
14292	16902,14284
14295	5715
14299	14300
14300	14299
14304	14305
14305	14304
14306	14307
14307	14306
14308	14309
14309	14308
14310	14311
14311	14310
14312	14313
14313	14312,14314
14314	14313,14315
14315	14316,14314
14316	14315
14319	14320
14320	14319,14321
14321	14322,14320
14322	14323,14321
14323	14322
14325	14326
14326	14325,14327
14327	14326,14328
14328	14327,14329
14329	14328
14340	13296
14344	14345
14345	14344,14346
14346	14345
14360	14361
14361	14360
14363	6632,14364
14364	14363
14367	9858,14375
14375	14367
14392	3265,14393
14393	14394,14392
14394	14393
14395	14396
14396	14395
14397	14398
14398	14399,14397
14399	14398
14460	14461
14461	14460,14462
14462	14461
14463	14467
14467	14463
14478	14479
14479	14478,14498
14487	10543
14488	14499
14489	14500
14490	7681
14494	14502
14496	8560
14498	14479
14499	14488
14500	14489
14502	14494
14504	14072
14505	7235
14517	14518
14518	14517
14519	14520
14520	14519
14525	14528
14528	14525
14537	14538
14538	14537
14543	14544
14544	14543
14545	11081
14563	14564
14564	14563
14567	14568
14568	14567,14571
14571	14568
14574	14579
14575	14577
14577	14575
14579	14574
14581	14582
14582	14583,14581
14583	14582
14585	14586
14586	14585
14587	14588
14588	14587
14592	12596
14599	18277
14600	14602
14602	14600
14620	17710
14631	7651
14633	14635
14635	14633,14642
14636	14640
14640	14636
14642	14635
14646	8230
14651	6946
14669	14674
14672	14682
14674	14669
14675	14681
14678	14684
14681	14675
14682	14672
14684	14678
14685	14695
14695	14685
14697	1921
14703	14704
14704	14703
14705	12698
14706	14707
14707	14706
14728	14729
14729	14728
14730	14731
14731	14730
14751	14757,12374
14753	14767
14754	14781
14757	14751
14758	14779
14759	14785
14761	14773
14763	14766
14766	14763
14767	14753
14769	14770
14770	14769,14771
14771	14770
14773	14761
14774	14778
14775	7312
14776	11205
14778	14774
14779	14758
14781	14782,14754
14782	14781
14785	14786,14759
14786	14785
14790	14791
14791	14790,14792
14792	14793,14791
14793	14792
14794	14795
14795	14794
14798	14799
14799	14800,14798
14800	14799
14801	14802
14802	14801,14803
14803	14804,14802
14804	14803
14806	14807
14807	14806
14841	8937
14844	14845
14845	14844
14846	15080
14853	14863
14863	14853
14878	7707
14881	13143
14889	18512
14890	14891
14891	14892,14890
14892	14891,14893
14893	14892,14894
14894	14895,14893
14895	14896,14894
14896	14895
14898	10047
14907	3221
14910	14917
14911	14916,1565
14912	10895
14913	9223
14916	14911
14917	14918,14910
14918	14917
14919	14920
14920	14919
14922	14929
14929	15334,14922
14931	14932
14932	14933,14931
14933	14932
14934	14935
14935	14934
14939	14940
14940	14939,14941
14941	14942,14940
14942	14941
14948	14977
14951	14976
14952	14975
14960	14969
14965	14966
14966	14967,14965
14967	14966
14969	14970,14960
14970	14971,14969
14971	14970,14972
14972	14971
14975	14952
14976	14951
14977	14948
14978	11636
14986	15014
14991	15013
14999	15012
15002	15011
15010	11774
15011	15002
15012	14999
15013	14991
15014	15015,14986
15015	15016,15014
15016	15015,15017
15017	15016,15018
15018	15019,15017
15019	15018,15020
15020	15019,15021
15021	15022,15020
15022	15021,15023
15023	15022,15024
15024	15023,15025
15025	15026,15024
15026	15025,15027
15027	15026,15028,17564
15028	15027
15029	5391
15030	15031,5367
15031	15030,15032
15032	15031
15035	9162
15038	17497
15044	15045
15045	15044
15046	15047
15047	15048,15046
15048	15047,15049
15049	15048,15050
15050	15049,15051
15051	15050,15052
15052	15053,15051
15053	15054,15052
15054	15053,18544
15075	15078
15078	15075
15080	14846
15086	17515
15094	15095
15095	15096,15094
15096	15095,15097
15097	15096,15098
15098	15097,15099
15099	15098
15101	15121,18100
15103	15104
15104	15103,15116
15105	15106
15106	15105
15107	15108
15108	15107,15115
15109	15114
15110	15111
15111	15110
15112	12751
15113	18111
15114	15109
15115	15108
15116	15104
15121	15101
15122	17909
15124	15865
15137	15138
15138	15137
15144	12963
15146	12958
15148	15154
15154	15148
15155	15158
15158	15155
15172	15548
15181	14203,15182
15182	15181
15183	15184
15184	15183,15185
15185	15186,15184
15186	15185
15198	15199
15199	15200,15198
15200	15199,15201
15201	15200,15202
15202	15203,15201
15203	15202,15204
15204	15203,15205
15205	15206,15204
15206	15207,15205
15207	15206,15208
15208	15207,15209
15209	15208,15210
15210	15211,15209
15211	15210
15220	15221
15221	15220
15228	15229
15229	15230,15228
15230	15229
15246	15248
15248	15246
15250	15251
15251	15252,15250
15252	15251
15253	15254
15254	15253,15255
15255	15254,15256
15256	15255
15290	17662
15295	15298
15298	15295
15303	15304
15304	15303
15322	15324
15324	15322
15334	14929
15335	15340
15340	15335
15352	15353
15353	15352
15357	5750
15368	15372
15372	15368
15383	10050
15385	15390
15387	4095,15392
15388	15389
15389	15388
15390	15385
15392	15387
15395	15396
15396	15397,15395
15397	15398,15396
15398	15397
15399	15400
15400	15399,15401
15401	15400,15402
15402	15401
15403	15404
15404	15405,15403
15405	15404
15406	15407,11956
15407	15408,15406
15408	15407,15409
15409	15408,15410
15410	15409,15411
15411	15410,15412
15412	15411
15417	15418
15418	15417
15423	15424
15424	15425,15423
15425	15426,15424
15426	15425,15427
15427	15426
15431	15437
15434	15440
15437	15431
15438	11803
15440	15434
15446	15447
15447	15446,15448
15448	15447
15450	15451
15451	15450
15461	7041
15473	15474
15474	15473
15481	15482
15482	15481,15483
15483	15484,15482
15484	15483
15486	15487
15487	15486
15507	5127
15511	12550
15513	15514
15514	15513,15515
15515	15514
15516	15517
15517	15518,15516
15518	15519,15517
15519	15518,15520
15520	15519,15521
15521	15520
15522	15523
15523	15524,15522
15524	15523,15525
15525	15524
15533	15534
15534	15533
15548	15172
15551	17798
15562	8429
15566	10639,15576
15567	15571,11038
15571	15567
15576	15566
15578	12909
15581	15592
15583	15584
15584	15583
15589	15590
15590	15589
15591	12358
15592	15581
15594	15608
15595	15606
15596	10596
15599	2561
15600	15607
15603	15605
15605	15603
15606	15609,15595
15607	15600
15608	15594
15609	15606
15618	3222
15623	15624
15624	15625,15623
15625	15633,15624
15626	15627
15627	15626
15633	15625
15644	15646
15645	15657
15646	15644
15649	11465
15653	15656
15655	17061
15656	15653
15657	15645,15660
15659	13170
15660	15657
15663	15680,5614
15664	15666
15666	15664
15667	18029
15669	15686
15670	4976
15674	15681
15676	18057
15678	1907
15679	18041
15680	15663
15681	15674
15686	15669
15687	15691
15691	15687
15697	15710
15699	15700
15700	15699,15709
15701	15702
15702	15701
15703	15704
15704	15703
15705	15707
15707	15705
15709	15700
15710	15697
15712	15715
15715	15712,15719
15719	15715
15720	14124
15725	15726
15726	15725
15727	15728
15728	15727
15729	16515
15753	15760
15759	15762
15760	15753
15762	15759
15764	9342
15815	15816
15816	15815
15822	9982
15825	15826
15826	15825
15834	15835
15835	15834
15845	16250
15847	15848
15848	15847
15857	15873
15860	15870
15865	15124
15866	15872
15870	15860
15872	15866
15873	15857
15875	15876
15876	15875
15878	15879
15879	15878
15880	15891
15883	14279
15891	15880
15892	17838
15905	15906
15906	15907,15905
15907	15906
15908	15909
15909	15910,15908
15910	15909,15911
15911	15910
15912	15913
15913	15912
15915	18578
15918	17180
15925	15926
15926	15925
15946	5734
15947	15948
15948	15947
15949	13154
15951	1798
15956	11722
15974	15980
15976	4737
15980	15981,15974
15981	15980
15983	15984,10620
15984	15983,15989
15986	15987
15987	15986
15989	15984
15996	15997
15997	15996
16001	16002
16002	16001,16003
16003	16002,16004
16004	16003,16005
16005	16006,16004
16006	16005
16007	16008,6436
16008	16007
16013	16965
16023	16030
16025	16028
16028	16025
16030	16023
16039	16040
16040	16039,16041
16041	16040
16049	17786
16074	16078,13902
16078	16074
16079	16084
16083	18653
16084	16079
16089	12134
16095	16096
16096	16095
16097	16105
16099	3146
16101	9839
16102	12257
16105	16097
16112	16116
16113	16121
16116	16112
16121	16113
16122	18694
16123	18186
16130	16131
16131	16130
16134	13260
16136	11985
16141	16151
16149	16150
16150	16149
16151	16141,16152
16152	16151
16160	16161
16161	16160
16163	10247
16164	5332
16168	7615
16171	4405
16178	16179
16179	16178
16188	5970
16190	8625
16198	13857
16207	10761
16215	17294
16229	16230
16230	16253,16229
16232	16237
16233	16258
16237	16232
16238	11874
16239	16257
16248	16252
16250	15845
16252	16248
16253	16230
16257	16239
16258	16233
16259	4636
16261	14108
16262	16273
16264	16265
16265	16264
16266	11850
16273	16262
16274	16289
16275	16288
16278	16285
16279	16280
16280	16312,16279
16285	16278
16288	16275
16289	16274
16291	8553
16300	4724
16305	14084
16307	9591
16308	5388
16312	16280
16317	13953
16319	16320
16320	16319
16322	16331
16323	16325
16325	16323
16327	16330
16328	13590
16329	10889
16330	16327
16331	16335,16322
16334	13587
16335	16331
16350	8174
16354	16355
16355	16354
16356	9952
16365	16367
16367	16365
16368	16369
16369	16368,16370
16370	16371,16369
16371	16370
16373	16374
16374	16373,16375
16375	16374,16376
16376	16375,16377
16377	16376
16378	16379
16379	16378
16385	16386
16386	16387,16385
16387	16386
16392	16394
16394	16392
16404	16405
16405	16404
16409	16410
16410	16409
16453	16467
16455	16464
16456	16463
16462	12365
16463	16456
16464	16455
16465	16466
16466	16465
16467	16468,16453
16468	16467
16469	7037
16493	16494
16494	16493,16495
16495	16494,16496
16496	16495
16507	16516
16508	16509,14004
16509	16508
16510	16511
16511	16512,16510
16512	16513,16511
16513	16512
16515	15729
16516	16507
16518	1830
16520	16521
16521	16520
16530	16532
16532	16530
16534	16535
16535	16534
16559	5763
16560	16561
16561	16560
16569	16570
16570	16571,16569
16571	16570
16572	16573
16573	16572,16574
16574	16573,16575
16575	16574,16576
16576	16575,16577
16577	16576,16578
16578	16579,16577
16579	16580,16578
16580	16579,16581
16581	16580,16582
16582	16581,16583
16583	16582,16584
16584	16583
16591	16592
16592	16593,16591
16593	16592
16597	16598
16598	16597
16602	3910
16608	13182
16609	11333
16613	13209
16617	16622
16620	13181
16622	16617
16623	12218
16628	16633
16629	16634
16631	16632
16632	16631
16633	16636,16628
16634	16629
16635	13491
16636	16633,16638
16638	16636
16639	16640,1362
16640	16641,16639
16641	16640
16643	16644
16644	16643
16648	16657
16653	16656,6400
16656	16653
16657	16658,16648
16658	16657
16659	16660
16660	16659
16663	16664
16664	16663
16666	17522
16690	16691
16691	16690
16696	16697
16697	16696
16698	16699
16699	16698
16702	8876
16710	16711
16711	16710
16723	16724
16724	16723
16727	16728
16728	16727
16729	8144
16731	16732
16732	16731
16733	16734
16734	16733
16736	11194
16737	16738
16738	16739,16737
16739	16738
16740	16753
16741	16746
16745	16750
16746	16741,16751
16750	16745
16751	16746
16752	16757
16753	16740
16755	7466
16757	16752
16762	16765
16763	16769
16764	16774
16765	16762
16769	16763
16774	16764
16778	16779
16779	16778
16781	3225
16783	16784
16784	16783
16791	8480
16801	11606
16805	16806
16806	16805,16807
16807	16806,16808
16808	16807,16809
16809	16810,16808
16810	16809
16838	16839
16839	16838
16843	16844
16844	16843
16845	16846
16846	16845,16847
16847	16846
16849	16850
16850	16851,16849
16851	16850,16852
16852	16853,16851
16853	16852,16854
16854	16855,16853
16855	16854
16860	16866
16866	16860
16868	16869
16869	16868,16870
16870	16869,16871
16871	16870
16875	10402
16880	16885
16881	16884
16884	16881
16885	16880
16888	13253
16900	11093
16901	9582
16902	14292
16907	16913
16911	7080
16913	16907
16914	6971
16917	16918
16918	16917
16933	10641
16940	7739
16952	17490
16955	11281
16963	11192,16971
16965	16013
16971	16963
17013	8127
17014	17015
17015	17014,17016
17016	17015,17017
17017	17016,17018
17018	17017
17020	17021
17021	17020,17022
17022	17021,17023
17023	17022,17024
17024	17023,17025
17025	17024,17026
17026	17025,17027
17027	17026,17028
17028	17029,17027
17029	17030,17028
17030	17029,17031
17031	17030,17032
17032	17033,17031
17033	17032,17034
17034	17033,17035
17035	17036,17034
17036	17035,17037
17037	17038,17036
17038	17037,17039
17039	17040,17038
17040	17039,17041
17041	17040,17042
17042	17043,17041
17043	17044,17042
17044	17043,17045
17045	17044,17046
17046	17047,17045
17047	17046,17048
17048	17049,17047
17049	17050,17048
17050	17051,17049
17051	17052,17050
17052	17051
17053	17065
17055	17066,5210
17056	17071
17060	17073
17061	15655
17062	17070
17065	17069,17053
17066	17055
17069	17065
17070	17062
17071	17056
17072	2290
17073	17060
17092	7730
17095	17131
17097	17128
17115	17132
17119	7558
17121	17133
17123	17134
17124	17135
17126	17136
17128	17097
17130	9053
17131	17095
17132	17115
17133	17121
17134	17123
17135	17124
17136	17126
17137	17142
17142	17137
17144	17145
17145	17146,17144
17146	17147,17145
17147	17146
17148	17149
17149	17148,17150
17150	17149
17180	17181,15918
17181	17182,17180
17182	17181,17183
17183	17182,17184
17184	17183,17185
17185	17186,17184
17186	17185,17187
17187	17186,17188
17188	17187
17190	17191
17191	17190
17199	13902
17202	17203
17203	17202
17204	13827
17212	13272
17235	17236
17236	17235,17237
17237	17236,17238
17238	17237
17240	17269
17241	17264
17243	17268,5021
17245	17265,13244
17247	17257
17249	17260
17250	17251
17251	17250
17252	17253
17253	17254,17252
17254	17253
17257	17247
17258	17259
17259	17258
17260	17261,17249
17261	17260
17264	17241,17266
17265	17245
17266	17264
17268	17243
17269	17240
17275	17276
17276	17277,17275
17277	17276
17294	16215,18722
17303	13654
17305	17306
17306	17305,17307
17307	17306
17320	17321
17321	17320,17322
17322	17321
17330	17331
17331	17330
17340	17368
17341	17362
17342	17357
17344	17353
17345	17347
17347	17345,17348
17348	17347,17349
17349	17350,17348
17350	17349
17351	6326,17352
17352	17351
17353	17344
17354	17355
17355	17354,17356
17356	17355
17357	17342
17358	17359
17359	17360,17358
17360	17359,17361
17361	17360
17362	17341,17363
17363	17362,17364
17364	17363,17365
17365	17366,17364
17366	17367,17365
17367	17366
17368	17369,17340
17369	17368,17370
17370	17369,17371
17371	17370
17373	17374
17374	17373
17389	5805
17411	11033,17412
17412	17411
17413	17414
17414	17415,17413
17415	17414
17416	17417
17417	17416
17418	17419
17419	17418
17435	2731
17438	17452
17439	17450
17440	17461
17444	17445
17445	17444,17455
17446	17447
17447	17448,17446
17448	17447
17449	17451
17450	17439
17451	17449
17452	17438
17453	5052
17455	17445
17461	17440
17463	17464
17464	17463
17465	17467
17466	17468
17467	17465
17468	17466
17483	3485
17484	17485
17485	17484,17486
17486	17485,17487
17487	17486,17488
17488	17487
17490	16952,17491
17491	17490
17492	17493
17493	17492
17495	17496
17496	17495
17497	15038
17501	17506
17506	17501
17509	17513
17511	17524
17512	17530
17513	17509
17515	15086
17521	17526
17522	16666
17524	17528,17511
17526	17521
17528	17524
17530	17512
17532	17533
17533	17532
17540	17556
17542	17543
17543	17542
17545	17552
17546	17551
17547	17548
17548	17550,17547
17550	17548
17551	17546
17552	17545
17553	2233
17556	17540
17557	5674
17564	15027
17568	17569
17569	17568
17571	17572
17572	17571,17573
17573	17572,17581
17581	17573
17608	5039
17609	5276
17618	3254
17630	17631
17631	17630
17634	6850
17635	12386
17645	13281,17651
17649	2301
17651	17645
17653	17684
17654	17658
17655	17657
17656	8397
17657	17655,17681
17658	17654,17659
17659	17658
17661	6995
17662	15290
17663	17664
17664	17665,17663
17665	17664
17667	17668,6994
17668	17667,17669
17669	17668
17670	17671
17671	17670,17672
17672	17673,17671
17673	17672
17674	17675
17675	17674
17676	17677,8394
17677	17676,17678
17678	17677,17679
17679	17678,17680
17680	17679
17681	17657
17684	17653
17685	17686
17686	17685,17687
17687	17686,17688
17688	17687,17689
17689	17688
17706	5862
17707	9839
17710	14620
17713	17720,3552
17715	8400
17716	17718
17717	17727,10233
17718	17716
17720	17713
17722	17724
17724	17722
17727	17717
17734	17739
17739	17734
17742	8016,17744
17744	17742
17745	11442
17746	17749
17749	17746
17786	16049
17788	17789
17789	17790,17788
17790	17789
17795	7442,17796
17796	17795
17797	17799
17798	17907,15551
17799	17797
17801	13558
17802	17803
17803	17802
17805	17806
17806	17807,17805
17807	17806
17838	15892
17841	17842
17842	17843,17841
17843	17842
17854	17855
17855	17854,17856
17856	17855
17865	17866,14065
17866	17865
17867	17868
17868	17867
17869	17870
17870	17869
17871	17872
17872	17873,17871
17873	17872,17874
17874	17875,17873
17875	17874
17907	17798
17909	15122
17916	17917
17917	17916
17926	6900,17927
17927	17928,17926
17928	17927
17929	1616
17930	17931
17931	17930
17935	17939
17937	17951,5632
17939	17935
17943	17952
17945	17953,11607
17951	17937
17952	17943
17953	17945
17954	17957
17957	17954
17958	17959
17959	17958
17960	17961
17961	17960
17963	17964
17964	17965,17963
17965	17966,17964
17966	17965,17967
17967	17966,17968
17968	17969,17967
17969	17968
17971	17972,10002
17972	17971
17975	17976
17976	17977,17975
17977	17976
17978	17980
17980	17978
17983	9064
17991	17992
17992	17991
17994	17995
17995	17996,17994
17996	17995
17997	17998
17998	17997
17999	18000
18000	18001,17999
18001	18000
18009	10961
18011	18012
18012	18011
18023	18024
18024	18025,18023
18025	18024
18027	18052
18029	15667,18038
18030	18039
18031	18044
18033	18049
18034	6755,18035
18035	18034,18036
18036	18035,18037
18037	18036
18038	18029
18039	18030,18040
18040	18039
18041	18042,15679
18042	18041
18044	18031,18045
18045	18046,18044
18046	18045,18047
18047	18046
18048	12890
18049	18033
18050	13563
18051	11642
18052	18027
18053	18054
18054	18053,18055
18055	18054,18056
18056	18055
18057	18058,15676
18058	18057,18059
18059	18058
18070	14226
18074	18075
18075	18074
18080	18089
18089	18080
18092	18097
18097	18092
18100	15101
18111	15113
18116	18117
18117	18116
18118	18119
18119	18118,18120
18120	18119
18145	18151
18151	18145
18159	18167,11211
18160	3529
18164	18176
18165	18177
18167	18159
18168	18174
18169	18170
18170	18169,18184
18172	18179
18174	18178,18168
18176	18164
18177	18165
18178	18174
18179	18172,18183
18183	18179
18184	18170
18186	16123
18203	5028
18209	18210
18210	18211,18209
18211	18210,18212
18212	18211,18213
18213	18212,18214
18214	18213,18215
18215	18214,18216
18216	18215
18229	18230
18230	18231,18229
18231	18230,18232
18232	18231
18234	18235
18235	18236,18234
18236	18235,18237
18237	18236,18238
18238	18239,18237
18239	18240,18238
18240	18239,18241
18241	18240,18242
18242	18241,18243
18243	18242,18244
18244	18243,18245
18245	18246,18244
18246	18245,18247
18247	18246,18248
18248	18247
18249	18250
18250	18249
18251	12834,18252
18252	18251,18253
18253	18254,18252
18254	18255,18253
18255	18254
18258	18259
18259	18258
18265	18266
18266	18265
18271	18272
18272	18271
18277	14599
18282	18283
18283	18282
18285	18286
18286	18285
18288	18289
18289	18288
18292	4590
18297	13176
18299	18300
18300	18299,18301
18301	18300
18336	18337
18337	18336,18338
18338	18337
18340	13052
18342	18343,10113
18343	18344,18342
18344	18343
18347	9542,18348
18348	18347,18349
18349	18348,18350
18350	18349
18351	18352
18352	18351
18354	5250
18356	18362
18357	18365
18362	18356,18363
18363	18362
18365	18357
18378	3840
18387	14128
18395	18402
18399	8803
18401	8266,18410
18402	18411,18395
18403	18412
18404	9190
18410	18401
18411	18402
18412	18403
18424	18432
18430	18431
18431	18430
18432	18424
18439	10219
18443	5114
18444	18632
18447	6068
18454	18456
18456	18454
18468	6798
18512	14889
18541	817
18543	9804
18544	15054
18551	18552
18552	18551
18554	18555
18555	18554
18561	18564
18564	18561
18571	18572
18572	18571
18575	18579
18578	15915
18579	18575
18603	18604
18604	18603,18605
18605	18604,18606
18606	18605
18607	18608
18608	18607
18631	18639
18632	18444
18635	18636,9921
18636	18635
18639	18631
18641	18644
18644	18641
18645	18654
18646	18649
18649	18646
18650	18651
18651	18650,18652
18652	18651
18653	16083
18654	18645
18656	18657
18657	18656
18666	18667
18667	18668,18666
18668	18669,18667
18669	18670,18668
18670	18671,18669
18671	18670,18672
18672	18671,18673
18673	18672,18674
18674	18675,18673
18675	18674,18676
18676	18675,18677
18677	18676,18678
18678	18679,18677
18679	18680,18678
18680	18681,18679
18681	18682,18680
18682	18681,18683
18683	18684,18682
18684	18683,18685
18685	18684,18686
18686	18687,18685
18687	18688,18686
18688	18687,18689
18689	18688
18690	8699,18693
18693	18690
18694	16122
18706	3352
18709	18717
18710	18713,13816
18713	18710,18720
18714	11377
18717	18709
18718	4122
18720	18713
18722	17294
18725	18730
18730	18725
18736	11107
18737	976
18740	6871
18743	13754,18744
18744	18743
