1957	133,399
2005	1981,1372
2005	1929,30492
2005	1904,9655
2005	1708,7669
2005	1654,1166
2005	1623,3362
2005	1621,2613
2005	1585,28414
2005	1579,1060
2005	1431,2812
2006	2079,2937
2006	2053,2260
2006	2043,16699
2006	2031,170155
2006	2014,8606
2006	1992,6702
2006	1981,1017
2006	1962,6909
2006	1957,6054
2006	1942,76879
2007	2090,3723
2007	2079,4466
2007	2072,44236
2007	2062,4988
2007	2053,8429
2007	2047,623
2007	2046,7902
2007	2045,5551
2007	2039,4461
2007	2016,180
2008	2099,2372
2008	2095,2505
2008	2093,956
2008	2092,14549
2008	2091,467
2008	2090,1412
2008	2084,12936
2008	2080,85934
2008	2079,4738
2008	2078,6628
2009	2100,2978
2009	2099,3858
2009	2096,10364
2009	2095,374
2009	2094,66823
2009	2090,1607
2009	2088,12
2009	2085,4
2009	2084,503
2009	2083,81
2010	2100,443
2010	2099,2248
2010	2097,914
2010	2096,49270
2010	2091,14
2010	2087,9974
2010	2077,3394
2010	2076,350
2010	2071,330402
2010	2070,10529
2011	2099,621
2011	2096,1792
2011	2095,548
2011	2077,12948
2011	2071,171
2011	2066,197
2011	2059,2705
2011	2054,2097
2011	2048,45
2011	2032,3350
