10	28523
100	10358
1001	52320
1002	5740
1003	19647
1004	249
1005	38211
1006	23759
1007	4181
1008	10306
1009	2919
101	58107
1010	273
1011	40712
1012	12826
1013	12
1014	471
1015	11606
1016	38724
1017	27802
1018	34269
1019	11682
102	41734
1020	32148
1021	19626
1022	42938
1023	41123
1024	30131
1025	14098
1026	23125
1027	71037
1028	10473
1029	16798
103	4417
1030	37262
1032	4672
1033	111287
1034	28996
1035	1397
1036	33808
1037	270
1038	12897
1039	13655
104	200979
1040	18795
1041	7884
1042	29964
1044	24074
1046	16731
1047	6340
1049	2645
105	8433
1050	53251
1051	58151
1052	17212
1053	35502
1054	110789
1055	4392
1056	34827
1057	19207
1058	10815
106	49460
1060	40205
1061	21230
1062	2449
1063	8270
1064	1852
1065	9143
1067	36827
1068	29261
1069	78444
107	277680
1070	11946
1071	57010
1072	46641
1073	28514
1074	15240
1075	70282
1076	4927
1078	3428
1079	80292
108	24679
1080	24697
1081	10165
1082	26671
1083	16850
1084	34790
1085	43903
1086	235137
1087	19401
1088	65699
1089	14970
109	20118
1090	474
1091	55829
1092	83420
1093	6107
1094	379125
1097	88968
1098	1825
1099	5027
11	42920
110	85411
1100	15015
1101	29904
1102	15176
1103	4283
1104	14554
1106	150897
1107	153951
1108	5251
1109	30996
111	25454
1110	29142
1111	243124
1112	17214
1113	6412
1114	33711
1115	16
1116	902
1118	42083
1119	1578
112	10
1120	6575
1121	2062
1122	3412
1123	21172
1124	105047
1125	3088
1126	6085
1128	44998
113	191781
1130	7862
1131	5141
1132	102359
1133	17929
1134	424
1135	134028
1136	21630
1137	6950
1138	36629
1139	60789
114	9823
1140	11420
1143	10827
1144	8657
1145	22896
1146	308167
1147	5953
1148	5405
1149	914
115	99
1150	72725
1151	33452
1152	13082
1153	61106
1154	32854
1155	11167
1156	58121
1157	26180
1158	14173
1159	22291
116	20836
1160	53747
1161	33753
1163	2177
1164	33226
1165	21761
1166	1214
1167	5042
117	23263
1170	19507
1171	6125
1172	16373
1173	43041
1174	39985
1176	52242
1177	22409
1178	73363
1179	18943
118	22848
1180	3810
1181	21570
1182	37728
1183	62848
1184	28718
1185	31344
1186	35013
1187	9689
1188	60376
1189	23775
119	25418
1190	23274
1191	4963
1192	45658
1193	79248
1194	70788
1195	240927
1196	93910
1197	44869
1198	23920
1199	30558
12	256144
120	8744
1200	17907
1202	30719
1204	18892
1205	20
1206	18827
1207	11424
1209	4743
121	30050
1210	294016
1211	6326
1212	32780
1213	2976
1214	14949
1215	34490
1216	52678
1217	11545
1219	32069
122	837
1220	60484
1221	1630
1222	50080
1223	39775
1224	3232
1225	2320
1226	44199
1228	23043
1229	14845
123	93771
1230	524
1231	17548
1232	15075
1233	94475
1234	20021
1235	20423
1236	248680
1237	26048
1238	18508
1239	19461
124	31736
1240	12169
1242	19745
1243	7555
1244	31629
1245	70710
1246	24853
1247	80189
1248	13351
1249	14619
125	37930
1253	53694
1254	24124
1255	34464
1256	39824
1258	4260
1259	123812
126	20342
1261	24274
1262	26
1263	53046
1264	31684
1265	12405
1266	144
1267	50719
127	34508
1270	9251
1271	26395
1272	147455
1273	13970
1274	11476
1275	60133
1276	6232
1277	137168
1278	12153
1279	6775
128	63420
1280	50205
1281	584
1282	28144
1283	101676
1284	23507
1286	21749
1287	6667
1288	10732
1289	29503
129	18546
1290	47
1291	6868
1292	1195
1293	3964
1294	4425
1295	37430
1296	33436
1298	16549
1299	29773
13	4211
130	17363
1300	124115
1301	210198
1302	14606
1303	19569
1304	26456
1305	47491
1307	34328
1308	132140
1309	45142
131	7463
1310	106
1311	10259
1312	13935
1313	17395
1315	147
1316	9208
1318	53480
1319	9984
132	36706
1321	13687
1322	22313
1323	25843
1324	6901
1325	23898
1327	843
1329	22973
133	13163
1330	34286
1331	37504
1332	69054
1333	22040
1334	5
1335	13489
1336	18117
1337	33233
1339	240166
134	19394
1340	32911
1342	74165
1343	1221
1345	7417
1346	23808
1347	382
1348	13398
1349	9069
135	51601
1350	25454
1351	6110
1352	7599
1353	37374
1354	5719
1355	13676
1356	35324
1357	16475
1358	29182
136	14347
1360	10805
1362	31118
1363	60634
1364	4094
1365	45564
1366	11519
1367	18897
1368	147910
1369	9091
137	42903
1371	17259
1372	17222
1373	22185
1374	26237
1375	17136
1376	1106
1377	156696
1378	12598
1379	39602
1380	12222
1381	7673
1382	54095
1383	34246
1384	39464
1385	7169
1386	9450
1387	8947
1388	4453
1389	15203
139	25684
1390	17579
1393	29426
1394	27693
1395	12432
1396	11474
1397	43
1398	33899
1399	11649
14	34681
140	40753
1401	36563
1402	3431
1403	31113
1404	48517
1405	32665
1406	20217
1407	21332
1408	85
141	5537
1410	30113
1411	11495
1413	43449
1414	26429
1416	37306
1418	416349
1419	18221
142	8468
1420	8934
1421	4266
1422	17641
1423	23318
1424	27399
1425	68680
1426	6657
1427	35437
1428	34003
1429	66884
143	104109
1430	9841
1431	97163
1432	9
1433	32805
1434	80667
1435	34572
1437	1705
1438	65206
1439	32454
144	9427
1440	13461
1441	19519
1442	28155
1443	2747
1444	43897
1445	81207
1446	14740
1447	49914
1449	24985
145	33585
1450	31289
1451	14211
1452	7849
1453	52537
1454	41728
1455	75351
1456	69303
1457	60153
1458	1615
1459	6034
146	78429
1461	8943
1462	47272
1463	10249
1464	36771
1465	56762
1466	14943
1467	54563
1469	5455
147	72873
1470	67293
1471	64294
1472	12657
1473	15457
1474	25465
1475	5962
1476	101052
1477	877
1478	189034
1479	10427
148	13760
1480	20664
1481	134802
1483	14205
1484	19478
1485	31391
1486	3994
1488	810
1489	36127
149	33239
1490	73113
1491	20832
1492	4346
1493	11079
1494	635
1495	806
1496	19215
1497	15618
1498	51051
1499	76767
15	19863
150	5169
1500	13789
1501	20235
1502	3399
1503	16200
1504	165689
1505	51209
1506	27019
1507	1723
1508	47184
1509	24919
151	7658
1511	34740
1513	28935
1514	13649
1515	19753
1516	7338
1517	83888
1518	42490
1519	6689
152	17736
1520	24017
1521	56506
1522	37815
1524	36379
1525	2577
1527	18742
1528	20299
153	12346
1530	39477
1531	20400
1532	63213
1533	169438
1534	39962
1535	52482
1536	17261
1537	7273
1538	1391
1539	1781
154	1285
1540	46005
1541	3720
1542	17219
1543	2458
1544	11142
1545	19346
1546	22448
1547	11993
1549	4050
155	65859
1551	40834
1552	15
1553	19654
1554	11881
1555	49687
1556	55665
1557	27801
1558	23218
1559	106499
156	6791
1560	29145
1562	16135
1563	486
1564	33733
1565	21185
1566	16765
1567	146809
1568	80140
157	8128
1570	19200
1572	49504
1573	12958
1574	36820
1575	13463
1576	29736
1577	48311
1578	19022
1579	29263
158	21004
1580	32879
1581	63389
1582	13989
1583	48113
1584	3539
1585	144403
1586	5176
1587	46522
1588	15327
1589	8234
159	76538
1590	71025
1591	19451
1592	13554
1593	72514
1594	71043
1595	24206
1596	21722
1597	18723
1599	17059
16	14101
1600	59634
1601	21600
1603	6220
1604	16654
1605	10349
1606	89092
1607	12379
1608	5506
161	117009
1611	4121
1613	76731
1614	65904
1615	4172
1616	16415
1617	13111
1618	11086
1619	51165
162	21037
1620	26636
1621	6303
1622	10989
1623	60924
1624	5370
1625	423
1626	35500
1627	86733
1628	70104
1629	66545
163	21189
1630	14148
1632	32326
1633	46581
1634	10
1635	18960
1636	2268
1637	81816
1638	3053
1639	52401
164	192063
1640	7291
1641	11876
1642	388251
1643	73292
1644	914
1646	46833
1647	18096
1648	14921
1649	60129
1650	74226
1652	14250
1653	23636
1654	13144
1655	19503
1656	19746
1657	12364
1658	24158
1659	20706
166	11578
1660	7628
1661	17980
1662	19606
1663	28593
1664	251560
1665	40
1666	141405
1667	1628
1669	4067
1670	6056
1671	62700
1672	16156
1674	7537
1675	9084
1676	15749
1677	31884
1678	7410
1679	18825
168	25289
1680	26579
1682	81174
1683	29345
1684	30876
1685	7633
1686	55514
1687	71642
1688	19601
1689	16430
1690	23836
1691	13445
1692	20922
1693	7987
1694	42321
1695	10188
1696	3861
1697	16676
1699	28501
17	34839
170	51661
1700	8313
1701	10143
1702	11567
1703	15352
1704	1970
1705	32612
1706	54304
1707	6068
1708	25548
1709	27937
171	6949
1710	8611
1711	101297
1712	51998
1715	39309
1717	78881
1718	16083
1719	9687
172	19029
1720	36969
1721	5132
1722	8525
1723	2847
1724	3655
1725	7655
1726	27559
1727	29304
1728	20263
1729	7451
173	23589
1730	33278
1731	293
1732	1445
1733	17234
1734	88626
1736	29924
1737	24108
174	15791
1740	58656
1741	28150
1742	59012
1743	87725
1744	69
1745	12818
1746	39811
1747	2295
1748	11135
1749	73907
175	103240
1751	2300
1752	40302
1753	32972
1754	30433
1755	7865
1757	12504
1758	3
1759	36820
176	35557
1760	13094
1761	5000
1762	40268
1764	9508
1765	4631
1766	25778
1768	62887
1769	32003
177	54500
1770	16422
1771	17076
1772	102226
1773	10
1774	2738
1775	10802
1776	34501
1777	50857
1778	59455
1779	8714
178	25089
1780	94806
1781	6114
1782	3241
1783	34766
1784	40771
1785	94693
1786	9102
1787	19623
1788	30576
1789	61340
179	25463
1790	10028
1791	23791
1792	28488
1793	45160
1794	12706
1795	13988
1796	29780
1797	24052
1798	6336
1799	12206
18	20311
180	1451
1800	660
1801	2514
1802	35618
1803	16474
1804	8708
1805	29780
1806	36618
1807	579
1808	32665
1809	28168
181	24620
1810	30193
1811	103104
1813	36372
1814	18500
1815	23590
1816	13559
1817	37425
1818	415
1819	4770
182	22324
1820	36648
1821	22517
1822	1359
1823	14129
1824	8847
1825	4641
1826	18533
1827	38513
1828	42374
1829	69685
183	16508
1830	111667
1831	30471
1832	119715
1833	13916
1834	4413
1835	11268
1836	933
1838	18658
1839	16265
184	12269
1840	24701
1841	9930
1842	10101
1844	27421
1845	24219
1846	31635
1847	916
1848	26004
185	3606
1850	28503
1851	17787
1852	27579
1853	18264
1854	7062
1855	9788
1856	23447
1857	27411
1858	10234
1859	202
186	18443
1860	38381
1861	13009
1862	15190
1863	10923
1864	1341
1865	45198
1866	45742
1867	6771
1868	16173
1869	27037
187	28314
1871	5273
1872	57393
1873	21015
1874	12617
1875	26692
1877	4826
1879	26302
188	4
1880	104352
1881	18687
1882	10748
1883	54206
1885	6091
1887	18847
1888	13965
1889	58055
189	31108
1890	14117
1891	2364
1892	6791
1893	4
1894	24115
1895	60435
1896	21459
1897	29547
1898	103223
1899	54638
190	80414
1900	9766
1902	45804
1903	19370
1904	25029
1905	276295
1906	20268
1907	10283
1908	49010
1909	157926
191	1672
1910	90562
1911	44249
1912	10632
1914	28081
1915	2275
1917	713
1918	1502
1919	5410
192	12078
1920	25224
1921	101181
1922	3477
1923	47421
1924	223795
1925	8598
1926	37091
1928	27715
1929	67475
193	133154
1930	46190
1931	2086
1933	3391
1934	4092
1935	42073
1936	27390
1937	136706
1938	64001
1939	35190
194	80934
1941	16101
1942	348527
1944	27831
1946	48480
1947	14514
1948	12972
1949	60428
195	4539
1950	28926
1951	20225
1952	9970
1954	34451
1955	1941
1956	42771
1957	25819
1958	3463
1959	21152
196	95033
1961	198651
1962	19387
1963	54401
1964	25651
1965	15452
1966	28196
1968	21576
1969	24795
1971	148989
1972	6729
1973	76910
1974	14301
1975	21717
1976	31660
1977	21883
1978	19272
1979	17044
198	50214
1980	2873
1981	13712
1982	13308
1983	179449
1984	70193
1986	44913
1987	25285
1988	11107
1989	12301
1990	1345
1991	5530
1992	49161
1993	1043
1994	5495
1995	77781
1996	15048
1997	44408
1998	28198
1999	43365
2	168737
20	9052
200	12053
2000	468409
2001	66776
2003	12902
2004	63047
2005	31732
2006	35680
2007	150205
2008	60485
2009	23299
201	15409
2010	44010
2011	6381
2013	40390
2014	12872
2015	67653
2016	3246
2017	12630
2018	19200
2019	95618
202	12363
2020	12146
2021	52588
2022	59835
2023	19821
2024	469
2025	53754
2027	15070
2028	10668
2029	17655
203	4817
2030	9221
2031	329980
2032	66422
2033	63993
2034	18840
2035	6208
2036	10395
2037	15821
2038	20790
2039	30186
204	18913
2040	11134
2041	28212
2042	26552
2043	37682
2044	5190
2045	16856
2046	42614
2047	12953
2048	768
205	67324
2051	202
2052	171615
2053	38761
2054	51357
2055	26267
2056	567
2057	20577
2058	6883
2059	108465
206	4612
2060	10011
2061	5699
2062	85422
2064	7023
2065	45228
2066	11365
2067	10558
2068	35683
2069	121895
207	17603
2070	21568
2071	338400
2072	240173
2075	9898
2076	9928
2077	17903
2078	69363
2079	21346
208	5646
2080	127700
2081	29515
2083	1254
2084	48133
2085	4
2086	9756
2087	21394
2088	436
209	6956
2090	26880
2091	2267
2092	35926
2093	7732
2094	103338
2095	4885
2096	62714
2097	13830
2099	10179
21	23493
210	98586
2100	30877
211	34963
212	3184
213	35028
214	23855
215	917
216	8000
217	16214
218	11848
219	105372
22	61844
220	12618
223	95063
224	10371
225	81293
226	45638
227	149248
228	591
229	286
23	16521
230	85557
231	18259
232	114970
233	20355
234	43665
235	23428
236	70410
237	22758
238	84613
24	60844
240	10386
241	63961
242	29388
243	47092
244	13811
247	9628
248	14486
249	25360
25	23039
250	30403
251	8306
252	48825
253	63325
254	47240
255	18640
256	177304
257	8660
258	965
259	20189
26	30657
260	15822
261	24601
262	13972
263	29049
264	46651
265	39172
266	5343
267	25586
268	19684
269	6557
27	5738
270	17
271	123242
273	26792
274	24306
275	2356
277	80450
278	16100
279	47996
28	499
280	11835
281	4750
282	47904
283	4817
284	461
285	9294
286	15399
288	26492
289	73917
29	7327
290	363
291	88431
292	153703
293	13539
294	4956
295	24370
296	227
297	37610
298	138008
299	14198
3	20501
30	17234
300	27788
301	15113
302	78781
303	20717
304	3239
305	18474
306	10494
307	5205
308	58417
31	28034
310	27099
311	21221
312	28690
313	99886
314	14153
315	30019
316	25368
317	80762
318	173355
319	32187
32	33019
320	35543
321	3188
322	113710
324	35709
325	18512
326	10424
327	25848
328	17459
329	62332
33	41460
330	32041
331	8522
332	73120
333	17168
334	74027
335	81820
336	44010
337	6071
338	24890
339	74509
34	38212
340	26341
341	5379
342	13197
343	12924
344	165
345	2319
346	58802
347	23276
348	1967
349	58098
35	21
350	83388
351	13678
352	10070
353	1409
354	869
355	13314
356	80874
357	78494
358	6520
359	43560
36	28146
360	2623
361	26637
362	30644
363	46671
364	47826
365	652
366	42329
367	63568
368	35539
369	24092
37	15275
370	46480
371	19687
372	11185
374	83
375	4629
376	58120
377	138020
378	32976
38	12113
380	101586
382	48240
383	32235
385	259106
386	15620
387	322661
388	170937
39	3691
390	122293
391	18822
392	4466
393	17405
394	4972
395	13881
396	36644
397	4246
398	16015
399	69514
4	26930
40	21213
400	23596
401	11079
402	124307
403	31052
404	7318
405	58585
406	30087
407	1118
408	6784
409	15491
41	46822
410	5069
411	20944
412	2039
413	76528
414	117527
415	75113
416	5530
417	20736
418	35996
419	849
42	21316
420	90425
421	26320
423	14121
424	23117
425	55659
426	25459
427	35075
428	203645
43	28525
430	48971
431	131222
432	22008
433	18087
434	856
435	78081
436	75573
437	13054
438	334
439	69367
44	16137
440	42181
441	8002
442	128462
443	47373
444	6281
446	244556
447	23169
449	8723
45	44341
450	52513
451	152057
452	3650
453	11785
454	37036
455	192291
456	9914
457	18765
458	6250
459	255516
46	76348
460	18405
461	22869
462	27559
463	1439
464	36102
465	19881
466	15771
467	10423
468	37528
469	16994
47	50761
470	59295
471	8484
472	15639
473	12792
474	55485
475	14578
476	30371
477	21782
478	49642
479	63020
48	29346
480	12232
481	19655
482	8442
484	11774
485	3345
486	32889
487	47480
488	8926
489	53424
49	7612
490	24473
491	44999
492	22069
493	9039
494	29080
495	9188
496	13434
497	11635
498	93308
499	530
5	13159
50	42435
500	7496
501	22338
502	39161
503	30790
504	12372
506	9766
507	21631
508	1211
509	1020
51	33637
510	790
511	4557
512	49786
513	22227
514	329782
515	10214
516	96799
517	9250
518	25511
519	46717
52	8912
520	56838
521	55911
523	111
525	45844
526	4685
527	39492
529	22459
53	13791
530	1739
531	47216
532	10409
533	22140
534	18689
535	17796
536	7436
537	7544
538	23077
539	8819
54	23743
540	135162
541	186842
542	133236
543	40989
544	17018
545	38834
546	125235
547	5319
548	7172
549	52382
55	26787
550	18721
551	2384
552	317
553	15630
555	8117
556	4019
557	20323
558	22043
559	11097
56	37899
560	11661
561	113040
562	17692
563	57725
565	7115
566	9858
567	96799
568	13892
569	11390
57	49276
570	17762
571	91128
572	36145
573	4684
574	20534
575	28441
576	3933
577	4068
578	29939
579	9545
58	27367
580	31334
581	232504
582	103495
583	33163
584	232475
585	46636
586	11819
587	75934
589	7371
59	90748
590	22875
592	154339
593	51105
594	3676
595	131031
596	101469
598	41822
6	1011
60	3351
601	36190
602	15691
603	4436
604	110393
605	37567
606	44425
607	12795
608	1169
609	46796
61	15962
611	1560
612	21203
613	337
614	81532
615	7
616	62985
617	21960
618	8244
619	43257
62	16660
620	32203
621	233807
622	27448
623	53735
624	14282
625	12340
627	42094
628	7836
629	30882
63	7902
631	39219
632	69854
633	8338
634	21645
635	9303
636	21497
637	3794
638	60520
639	7513
64	13866
640	42509
641	97442
642	15946
643	17162
644	18938
645	2782
646	18209
647	32660
649	7723
65	16406
650	23582
651	52307
652	18874
654	5124
655	669
656	2796
657	28552
658	12592
659	80373
66	27581
660	5531
661	8024
662	64680
663	17021
664	39551
665	24487
666	21789
667	17551
668	41170
669	46782
670	45234
671	93201
672	7311
673	32859
674	61615
675	46793
676	7460
677	14814
678	8569
679	21790
68	13200
680	110554
681	15141
682	20673
683	55320
684	168450
685	63701
686	91678
687	889
688	22986
689	8607
69	17151
690	48396
691	57085
692	86683
693	13613
694	13323
695	1913
696	10307
697	37753
698	110093
699	25926
7	135399
70	24578
700	35430
701	6785
702	47938
703	22834
704	26329
705	46299
706	4065
707	746
708	235
709	20323
71	12955
710	5437
711	10063
712	48
713	39591
714	6171
715	33215
716	84809
717	119605
718	18129
719	40419
72	837
720	4448
721	19565
722	41785
723	31041
725	11903
726	1001
727	26738
728	52837
729	9649
73	21119
730	84420
731	4809
732	170014
733	14852
734	230001
735	6434
736	156478
737	16279
738	35974
739	19003
74	52966
741	29114
742	4505
743	120854
744	8044
745	6342
746	39881
747	32233
749	122746
75	25941
750	7026
751	7653
752	19787
753	24678
754	17391
756	1716
757	480039
758	30233
759	18770
76	62052
760	120850
761	34282
762	8035
763	12648
764	40461
765	21843
767	105488
768	357
769	61026
77	31308
770	25839
771	4856
772	843
773	76209
776	6742
777	22398
778	216037
779	29834
78	10720
780	10930
781	9755
782	23410
784	45379
785	19247
786	22475
787	8570
788	6475
789	32853
79	115330
790	28807
791	1418
792	30489
793	45741
794	6554
795	66817
797	57154
798	11808
799	8214
8	36279
80	9658
800	113943
801	1981
802	326
804	67417
805	8964
806	28604
807	18063
808	33299
809	28390
81	11207
810	3415
812	21377
813	7684
814	26226
815	87439
816	1249
817	16281
818	36113
819	120862
82	16256
820	694
821	5863
822	82029
823	60038
824	1728
825	6971
826	3399
827	5642
828	5774
829	14821
83	47184
830	16633
831	112330
832	6104
834	9704
835	6199
836	12985
837	13191
838	18287
839	37080
84	22743
840	145097
841	18288
842	15214
843	2354
844	26082
845	3591
846	63775
847	5314
848	23487
849	30350
85	7940
850	128796
851	166279
852	19861
853	25725
854	5584
855	106334
856	21371
858	25186
859	18158
86	23936
860	30246
861	45294
862	40189
863	6333
864	13954
865	7025
868	14814
869	4699
87	2368
870	7777
871	59844
873	84124
874	27233
875	28305
876	8297
877	17825
878	11040
88	1053
881	24635
882	65162
884	21136
885	37081
886	6394
887	11749
888	27592
889	15028
89	47310
890	5002
891	24121
893	71037
895	22038
896	38222
897	4010
898	42828
899	24335
9	25597
90	7766
900	18374
903	255533
904	20533
905	13283
906	70263
907	26210
908	4107
909	119426
91	59792
910	128621
911	45811
912	66271
913	36821
914	51576
915	20294
916	44239
917	103523
919	40792
92	859
920	8888
921	69421
922	4077
924	8077
925	67114
926	12335
927	29051
928	3779
929	6996
930	152001
931	8813
932	94923
933	31230
934	9929
935	7972
936	35133
938	217254
939	45581
94	12781
940	27813
941	129772
942	44
943	3117
946	184251
948	7400
949	42495
95	9028
950	17235
951	41139
952	11731
953	7569
954	15159
955	35197
957	160965
958	5313
959	10796
96	1049
960	6944
961	11256
962	15558
963	45597
964	8702
965	42407
966	36895
967	12247
968	19918
969	23274
97	32434
971	12851
972	13376
975	54016
976	6823
977	5687
978	25191
979	16239
98	8493
980	4337
981	12045
982	7360
984	168626
985	175343
986	33982
987	47258
989	20999
99	15815
990	39119
991	40619
993	4339
994	30091
995	2785
996	5268
997	24538
998	129377
999	11572
