2007	498	2919
2007	351	283
2007	154	191
2007	6743	90
2007	13040	6110
2007	61	4147
2007	11289	1006
2007	6740	110
2007	360	537
2007	13043	4375
2007	10305	393
2007	2463	329
2007	182	1285
2007	2569	605
2007	3264	258
2007	220	3185
2007	229	373
2007	13160	35
2007	209	307
2007	5297	697
2007	599	748
2007	230	156
2007	9727	1228
2007	377	764
2007	6959	264
2007	6230	775
2007	407	1579
2007	10738	743
2007	489	77
2007	465	4273
2007	56	1606
2007	18636	414
2007	7794	457
2007	523	939
2007	994	256
2007	17014	32
2007	17011	162
2007	9694	312
2007	6732	1827
2007	7804	307
2007	2681	1454
2007	7805	297
2007	504	109
2007	7808	276
2007	2571	86
2007	2044	7652
2007	7836	1949
2007	72	1384
2007	99	144
2007	166	40
2007	233	1609
2007	436	99
2007	592	239
2007	7870	137
2007	1075	2214
2007	3893	1477
2007	3896	1601
2007	7876	3815
2007	52	894
2007	152	4503
2007	163	36310
2007	186	3251
2007	202	1784
2007	212	1464
2007	227	1474
2007	562	8960
2007	607	8362
2007	614	11002
2007	706	2161
2007	67	452
2007	15436	98
2007	15433	167
2007	9687	1280
2007	15431	253
2007	15430	270
2007	9686	1353
2007	15429	293
2007	11548	202
2007	10799	428
2007	9685	1516
2007	6293	1136
2007	4434	89
2007	9683	1993
2007	4262	424
2007	4201	1024
2007	4191	220
2007	707	1891
2007	9681	2557
2007	2840	1056
2007	1378	177
2007	1239	92
2007	537	637
2007	498	671
2007	229	90
2007	209	125
2007	198	364
2007	154	714
2007	406	260
2007	53	438
2007	217	117
2007	2554	109
2007	65	2394
2007	54	2219
2007	5549	1252
2007	415	228
2007	2552	121
2007	1891	79
2007	712	1724
2007	15421	1755
2007	14516	456
2007	1729	68
2007	1684	454
2007	908	522
2007	429	408
2007	715	906
2007	13156	55
2007	680	1375
2007	220	1550
2007	735	1598
2007	3279	124
2007	67	14122
2007	349	1247
2007	3258	323
2007	58	452
2007	318	532
2007	310	547
2007	891	1204
2007	305	343
2007	291	3271
2007	233	16419
2007	289	4281
2007	1459	1054
2007	288	290
2007	157	1767
2007	1375	198
2007	217	761
2007	233	815
2007	13155	63
2007	1988	2030
2007	18633	514
2007	165	446
2007	64	612
2007	1072	683
2007	5767	1270
2007	9046	241
2007	3104	568
2007	217	384
2007	1811	118
2007	997	688
2007	1104	166
2007	65	460
2007	903	577
2007	229	377
2007	12273	1553
2007	1406	78
2007	342	2125
2007	576	199
2007	1804	141
2007	533	14793
2007	2661	3709
2007	1713	1080
2007	366	1537
2007	6184	780
2007	207	1755
2007	423	600
2007	173	780
2007	6203	2877
2007	56	380
2007	854	1342
2007	1788	91
2007	868	2799
2007	982	1064
2007	1119	1141
2007	212	17
2007	219	8
2007	222	8
2007	609	18
2007	615	15
2007	428	578
2007	630	14
2007	718	11
2007	859	9
2007	863	10
2007	510	2128
2007	1150	13
2007	1001	529
2007	1164	9
2007	2640	11
2007	1098	1074
2007	3001	8
2007	3145	8
2007	431	546
2007	4520	25
2007	4524	14
2007	4526	13
2007	429	209
2007	4529	12
2007	4532	11
2007	4535	10
2007	4538	9
2007	51	3261
2007	3057	1101
2007	378	1925
2007	291	370
2007	1098	2022
2007	1796	101
2007	1684	726
2007	908	395
2007	1099	336
2007	378	446
2007	333	2778
2007	325	607
2007	299	1552
2007	296	1349
2007	858	1797
2007	292	1751
2007	245	445
2007	289	8633
2007	288	1747
2007	6732	123
2007	1358	256
2007	4539	9
2007	1859	557
2007	4616	37
2007	1006	455
2007	159	1111
2007	4543	8
2007	4544	8
2007	3045	885
2007	9470	271
2007	3466	245
2007	3460	187
2007	215	209
2007	1369	1099
2007	1372	1386
2007	1411	1188
2007	1412	22851
2007	3832	84
2007	1425	3867
2007	1639	2439
2007	1643	1469
2007	3110	395
2007	3047	149
2007	1806	6713
2007	4069	603
2007	10307	316
2007	210	898
2007	961	729
2007	900	455
2007	889	461
2007	3049	134
2007	157	732
2007	225	1139
2007	1873	1019
2007	1974	968
2007	622	282
2007	16394	228
2007	2834	1809
2007	2842	939
2007	206	250
2007	2855	1257
2007	1017	113
2007	316	816
2007	203	464
2007	285	1279
2007	4349	1298
2007	1013	123
2007	5172	2030
2007	5175	8705
2007	5416	1241
2007	163	173
2007	217	228
2007	195	291
2007	7882	2806
2007	172	615
2007	190	3884
2007	3231	858
2007	3763	958
2007	67	656
2007	10311	276
2007	159	250
2007	826	276
2007	55	1043
2007	1385	484
2007	4545	8
2007	227	341
2007	1098	306
2007	285	26059
2007	913	351
2007	288	5062
2007	289	11950
2007	7	312
2007	299	3745
2007	308	778
2007	309	3911
2007	540	254
2007	4565	4447
2007	4566	2713
2007	4568	1091
2007	154	195
2007	271	832
2007	3055	87
2007	331	1284
2007	98	207
2007	617	4734
2007	1396	1028
2007	1636	660
2007	377	609
2007	1013	626
2007	1640	595
2007	1952	1445
2007	2716	2240
2007	2931	300
2007	900	481
2007	3227	4218
2007	885	1792
2007	4583	2323
2007	1857	213
2007	4589	462
2007	238	268
2007	184	359
2007	3056	76
2007	2512	1190
2007	182	748
2007	9098	242
2007	18630	1521
2007	72	287
2007	917	2778
2007	333	193
2007	210	359
2007	982	103
2007	1014	478
2007	173	829
2007	800	376
2007	299	1192
2007	942	1393
2007	257	20168
2007	944	149
2007	3046	1728
2007	2490	45
2007	379	558
2007	189	252
2007	193	368
2007	190	1009
2007	1358	1990
2007	3103	1453
2007	65	246
2007	204	340
2007	209	13816
2007	59	174
2007	288	327
2007	382	533
2007	707	3437
2007	618	712
2007	726	17216
2007	331	341
2007	227	116
2007	56	1589
2007	1899	43
2007	504	1829
2007	333	393
2007	1027	337
2007	371	1017
2007	1866	1502
2007	424	19
2007	1073	381
2007	52	195
2007	65	3017
2007	377	1223
2007	985	218
2007	824	1968
2007	378	622
2007	969	1524
2007	1073	47
2007	11195	80
2007	88	1012
2007	1018	44
2007	861	219
2007	403	931
2007	154	1123
2007	167	742
2007	405	304
2007	11197	69
2007	11198	69
2007	384	510
2007	1013	54
2007	182	508
2007	1854	1586
2007	481	680
2007	67	178
2007	210	28
2007	11199	69
2007	229	817
2007	1250	320
2007	490	239
2007	993	53
2007	310	810
2007	425	27
2007	257	506
2007	518	491
2007	709	22
2007	537	1082
2007	716	22
2007	1122	399
2007	535	2392
2007	288	483
2007	966	430
2007	1091	495
2007	1405	349
2007	1179	241
2007	6769	1247
2007	187	210
2007	859	17
2007	868	17
2007	903	905
2007	187	301
2007	289	1665
2007	1048	1620
2007	3769	343
2007	291	339
2007	1891	390
2007	233	414
2007	292	1587
2007	289	16391
2007	1090	39
2007	455	4664
2007	1055	1187
2007	620	149
2007	2552	2082
2007	1239	44
2007	506	950
2007	51	1073
2007	5660	40
2007	4954	316
2007	51	524
2007	63	692
2007	65	3921
2007	64	840
2007	67	429
2007	12190	258
2007	72	4196
2007	75	227
2007	51	330
2007	77	1963
2007	12185	379
2007	16892	127
2007	15994	286
2007	12273	84
2007	4251	57
2007	4115	52
2007	3258	688
2007	2899	59
2007	2855	113
2007	1043	746
2007	1639	58
2007	1415	64
2007	1414	77
2007	10229	315
2007	1412	423
2007	295	492
2007	868	97
2007	735	149
2007	602	161
2007	562	81
2007	533	426
2007	4679	134
2007	227	1047
2007	222	69
2007	190	532
2007	154	559
2007	4058	790
2007	1504	24
2007	4331	131
2007	305	257
2007	229	348
2007	1409	760
2007	1186	281
2007	1486	767
2007	1246	301
2007	310	330
2007	1378	327
2007	4135	275
2007	305	941
2007	198	401
2007	10301	512
2007	100	211
2007	2842	111
2007	1620	863
2007	3057	401
2007	2277	290
2007	192	180
2007	1974	530
2007	253	262
2007	1886	980
2007	2014	690
2007	11839	457
2007	203	182
2007	424	3123
2007	314	186
2007	1504	699
2007	3057	1894
2007	1922	510
2007	1339	362
2007	4194	48
2007	1852	880
2007	10520	116
2007	1854	365
2007	190	32
2007	1513	29
2007	157	741
2007	1799	405
2007	166	654
2007	1992	3084
2007	618	225
2007	175	280
2007	918	2808
2007	1941	725
2007	5306	2137
2007	176	752
2007	182	2501
2007	4920	870
2007	186	720
2007	13579	32
2007	9799	28
2007	468	2046
2007	301	138
2007	230	252
2007	187	1060
2007	366	534
2007	18229	570
2007	384	732
2007	405	816
2007	945	856
2007	486	353
2007	2521	753
2007	268	693
2007	2544	589
2007	538	1125
2007	501	1121
2007	955	830
2007	946	364
2007	9365	2484
2007	722	984
2007	877	660
2007	1001	594
2007	936	874
2007	1009	294
2007	1012	214
2007	1014	1131
2007	1076	263
2007	930	890
2007	924	435
2007	1464	960
2007	3280	464
2007	920	1809
2007	917	640
2007	735	79
2007	13089	473
2007	2562	460
2007	13085	297
2007	518	707
2007	8991	1703
2007	257	25140
2007	2616	21
2007	13084	393
2007	3966	483
2007	15210	267
2007	15209	278
2007	15205	377
2007	15203	392
2007	15201	450
2007	10370	851
2007	2853	534
2007	1804	1119
2007	4024	277
2007	6247	903
2007	4880	325
2007	4983	3873
2007	4984	3375
2007	4987	902
2007	4988	558
2007	2789	327
2007	6852	254
2007	4990	409
2007	439	2757
2007	199	33
2007	51	3500
2007	162	524
2007	1182	990
2007	1836	370
2007	453	1299
2007	203	23
2007	3237	1523
2007	3466	610
2007	1878	2190
2007	67	15307
2007	1626	367
2007	1179	5074
2007	917	2892
2007	3289	450
2007	58	510
2007	1463	1258
2007	320	120
2007	325	258
2007	12165	988
2007	3281	634
2007	10401	832
2007	326	135
2007	329	178
2007	2531	524
2007	18444	637
2007	6120	103
2007	2080	109
2007	1681	181
2007	2746	2328
2007	708	201
2007	537	438
2007	533	293
2007	486	491
2007	2027	437
2007	13354	764
2007	4262	1144
2007	333	278
2007	455	163
2007	11754	637
2007	459	155
2007	465	143
2007	1824	544
2007	538	618
2007	4385	476
2007	3754	2186
2007	2840	1625
2007	217	1380
2007	13353	1060
2007	1718	1782
2007	891	151
2007	67	1431
2007	907	124
2007	159	1299
2007	2022	113
2007	486	125471
2007	77	786
2007	1810	652
2007	292	760
2007	504	4499
2007	498	946
2007	7445	596
2007	1686	308
2007	2523	144
2007	1710	637
2007	752	862
2007	9160	1454
2007	314	492
2007	306	547
2007	299	276
2007	295	290
2007	292	406
2007	289	509
2007	9161	698
2007	288	823
2007	257	1002
2007	3451	123
2007	3173	287
2007	314	1100
2007	3441	159
2007	2938	158
2007	1892	228
2007	1534	144
2007	1122	88
2007	1079	100
2007	1459	1448
2007	875	613
2007	55	15252
2007	599	1649
2007	326	1321
2007	429	451
2007	193	92
2007	187	144
2007	310	279
2007	3199	132
2007	159	533
2007	239	3736
2007	167	407
2007	329	282
2007	318	2176
2007	8111	102
2007	889	526
2007	607	507
2007	10977	35
2007	1702	1592
2007	706	219
2007	1983	511
2007	724	331
2007	728	203
2007	9369	1030
2007	8108	196
2007	854	1066
2007	2616	708
2007	51	228
2007	10973	90
2007	730	226
2007	5670	49
2007	10302	485
2007	1685	1417
2007	905	198
2007	1110	7467
2007	525	474
2007	190	4322
2007	289	4866
2007	1125	335
2007	1249	506
2007	1098	5708
2007	100	250
2007	1369	1490
2007	326	1143
2007	1372	2077
2007	1411	518
2007	875	119
2007	1406	319
2007	540	625
2007	498	1505
2007	377	709
2007	333	963
2007	288	217
2007	230	1044
2007	220	540
2007	65	1881
2007	1412	2389
2007	930	425
2007	1416	651
2007	390	381
2007	65	622
2007	2343	331
2007	318	3043
2007	2346	322
2007	7390	3068
2007	3481	622
2007	126	1184
2007	154	1559
2007	5171	487
2007	72	325
2007	190	2044
2007	3771	1426
2007	1089	1420
2007	1075	492
2007	3109	2777
2007	199	1387
2007	5459	193
2007	5173	442
2007	5174	326
2007	10303	443
2007	51	1971
2007	5079	700
2007	12126	251
2007	12124	301
2007	905	211
2007	72	2354
2007	3206	1268
2007	12118	522
2007	72	263
2007	554	493
2007	9512	229
2007	1879	1179
2007	12112	942
2007	2149	782
2007	195	538
2007	199	714
2007	11477	721
2007	203	517
2007	207	1058
2007	1229	475
2007	10771	572
2007	190	3663
2007	217	906
2007	225	1625
2007	15037	313
2007	3466	437
2007	1303	93
2007	1295	2579
2007	389	183
2007	316	263
2007	237	504
2007	1369	509
2007	613	811
2007	610	1011
2007	578	1450
2007	99	649
2007	4089	154
2007	472	1195
2007	159	1068
2007	425	409
2007	176	514
2007	229	1219
2007	65	104
2007	14978	190
2007	14977	195
2007	14976	196
2007	14974	203
2007	14973	205
2007	154	375
2007	14969	211
2007	14968	214
2007	193	577
2007	14966	218
2007	14963	248
2007	14961	279
2007	14960	290
2007	14959	291
2007	16351	714
2007	14957	297
2007	14956	301
2007	14955	310
2007	14954	337
2007	14953	340
2007	14952	352
2007	14951	369
2007	14950	402
2007	416	1502
2007	14949	432
2007	14948	505
2007	14947	514
2007	13377	691
2007	14946	534
2007	14649	196
2007	11636	256
2007	7929	241
2007	7791	357
2007	7111	373
2007	7057	538
2007	5301	208
2007	424	874
2007	4784	275
2007	4675	1089
2007	11244	322
2007	11084	1074
2007	2828	325
2007	1883	347
2007	3028	857
2007	9648	511
2007	3481	331
2007	1097	744
2007	3523	1027
2007	3248	3376
2007	1892	477
2007	2031	357
2007	5329	139
2007	6391	341
2007	3252	801
2007	3253	792
2007	4089	354
2007	4025	423
2007	3681	657
2007	3475	520
2007	2535	478
2007	1155	383
2007	622	2231
2007	227	316
2007	503	841
2007	917	958
2007	5032	713
2007	250	569
2007	2398	637
2007	2402	614
2007	10110	403
2007	942	329
2007	3258	1615
2007	429	314
2007	1244	102
2007	949	355
2007	1261	641
2007	59	390
2007	453	445
2007	1342	257
2007	10060	685
2007	429	767
2007	1360	1897
2007	170	366
2007	171	359
2007	173	292
2007	174	287
2007	175	285
2007	1366	287
2007	180	256
2007	181	255
2007	183	253
2007	1412	1410
2007	184	247
2007	2554	538
2007	185	240
2007	17910	219
2007	289	20876
2007	16	148
2007	17905	327
2007	188	221
2007	2838	275
2007	3476	620
2007	210	1405
2007	17902	434
2007	199	1035
2007	190	2016
2007	192	197
2007	706	409
2007	1079	881
2007	15551	444
2007	15122	224
2007	2667	2490
2007	955	133
2007	5411	356
2007	10248	460
2007	3763	265
2007	823	183
2007	3805	1327
2007	5600	263
2007	930	205
2007	238	90
2007	5079	383
2007	14888	177
2007	1156	321
2007	3873	196
2007	1118	1088
2007	51	439
2007	461	2349
2007	3259	692
2007	498	5366
2007	377	940
2007	881	1860
2007	292	11152
2007	3300	602
2007	5027	234
2007	6582	232
2007	99	490
2007	2652	825
2007	77	540
2007	193	193
2007	72	273
2007	289	100761
2007	55	2948
2007	1636	2504
2007	289	44236
2007	432	520
2007	1098	139
2007	14057	1082
2007	84	930
2007	59	623
2007	81	41
2007	523	1227
2007	64	420
2007	707	287
2007	2933	795
2007	859	355
2007	17887	126
2007	6576	656
2007	3754	1922
2007	58	2750
2007	13085	634
2007	1151	261
2007	13012	34
2007	6458	41
2007	5785	48
2007	5452	33
2007	3739	55
2007	2938	49
2007	2531	39
2007	2407	70
2007	1899	34
2007	1504	46
2007	1110	50
2007	1097	58
2007	1062	58
2007	997	49
2007	989	33
2007	898	132
2007	863	41
2007	163	465
2007	7054	1526
2007	12364	394
2007	4130	492
2007	9487	743
2007	67	3423
2007	5441	669
2007	3057	3281
2007	3774	280
2007	1929	498
2007	1161	1100
2007	1154	256
2007	1098	516
2007	718	461
2007	618	3210
2007	288	328
2007	166	1116
2007	14841	76
2007	2346	508
2007	1993	287
2007	155	15861
2007	167	2014
2007	1883	380
2007	289	23931
2007	10691	736
2007	295	457
2007	310	438
2007	318	367
2007	320	493
2007	1372	469
2007	289	32135
2007	434	67
2007	1369	462
2007	1350	249
2007	433	34
2007	429	68
2007	1343	670
2007	1249	408
2007	233	55
2007	1132	273
2007	238	462
2007	51	721
2007	1122	416
2007	199	37
2007	1098	5118
2007	1110	1015
2007	167	53
2007	1732	629
2007	942	456
2007	1881	938
2007	961	6318
2007	333	301
2007	154	826
2007	517	438
2007	3057	951
2007	861	245
2007	159	68
2007	1079	328
2007	96	36
2007	922	467
2007	920	309
2007	918	334
2007	917	1386
2007	724	712
2007	72	41
2007	467	4382
2007	525	1148
2007	538	1113
2007	701	897
2007	11864	467
2007	790	590
2007	795	559
2007	970	515
2007	3198	534
2007	5140	804
2007	15	238
2007	25	99
2007	917	828
2007	841	639
2007	190	258
2007	982	693
2007	954	183
2007	1274	321
2007	163	639
2007	56	681
2007	2744	430
2007	2765	88
2007	291	608
2007	296	1572
2007	172	1540
2007	11858	664
2007	6493	319
2007	59	33
2007	207	34
2007	53	47
2007	2744	316
2007	8246	351
2007	227	1376
2007	299	3244
2007	8910	490
2007	8249	258
2007	318	2511
2007	8250	258
2007	1008	430
2007	680	1569
2007	8252	170
2007	913	282
2007	98	72
2007	295	1024
2007	72	2472
2007	1027	229
2007	2160	835
2007	207	2906
2007	1073	253
2007	1528	805
2007	289	764
2007	32	804
2007	1132	855
2007	7	391
2007	58	730
2007	226	369
2007	14730	148
2007	3425	143
2007	2775	743
2007	1118	177
2007	930	291
2007	209	337
2007	190	747
2007	156	973
2007	152	126
2007	8253	131
2007	1883	716
2007	8256	94
2007	72	19417
2007	8260	86
2007	91	3443
2007	173	2563
2007	190	8762
2007	6417	1259
2007	233	1582
2007	159	224
2007	5420	342
2007	1351	255
2007	486	6697
2007	1360	779
2007	1369	416
2007	1372	396
2007	1415	368
2007	1098	925
2007	1098	1394
2007	1295	1431
2007	1803	237
2007	5424	329
2007	233	1608
2007	493	783
2007	205	972
2007	199	1286
2007	517	378
2007	1713	3054
2007	12835	190
2007	7814	1047
2007	841	385
2007	6308	1592
2007	3191	2318
2007	3988	2670
2007	4566	122
2007	3460	128
2007	2546	251
2007	2183	165
2007	1684	184
2007	4312	824
2007	1601	209
2007	1580	178
2007	6926	1029
2007	908	373
2007	906	772
2007	845	660
2007	786	162
2007	1364	504
2007	14693	1685
2007	680	157
2007	523	699
2007	465	266
2007	3429	97
2007	3244	178
2007	386	233
2007	3902	386
2007	333	223
2007	326	176
2007	4382	459
2007	325	215
2007	320	131
2007	318	1213
2007	314	128
2007	311	196
2007	299	510
2007	298	186
2007	296	289
2007	295	212
2007	233	112
2007	293	405
2007	292	394
2007	291	255
2007	1875	8850
2007	289	1310
2007	2029	547
2007	288	620
2007	1097	643
2007	257	217
2007	182	115
2007	53	686
2007	67	262
2007	55	324
2007	1179	628
2007	1672	505
2007	854	1222
2007	234	2238
2007	198	864
2007	1019	314
2007	2342	221
2007	2744	387
2007	1713	252
2007	65	191
2007	5444	389
2007	735	782
2007	2668	354
2007	715	232
2007	2148	246
2007	1118	250
2007	173	3366
2007	81	359
2007	7419	506
2007	9440	527
2007	11120	494
2007	11122	425
2007	533	176
2007	447	190
2007	1884	691
2007	511	693
2007	220	329
2007	159	930
2007	156	743
2007	2343	417
2007	599	1284
2007	12050	1029
2007	370	1113
2007	72	3157
2007	607	633
2007	724	1173
2007	9445	1020
2007	10675	371
2007	917	3496
2007	190	727
2007	928	402
2007	12044	1862
2007	72	71852
2007	7900	514
2007	4153	377
2007	1014	620
2007	2347	668
2007	1547	1227
2007	839	495
2007	173	1464
2007	198	860
2007	229	575
2007	230	720
2007	1886	572
2007	234	1605
2007	2624	358
2007	333	528
2007	486	1220
2007	490	937
2007	6182	986
2007	70	119
2007	372	1069
2007	154	259
2007	1001	1950
2007	182	215
2007	17854	364
2007	5441	109
2007	1775	466
2007	957	672
2007	6046	2282
2007	498	1091
2007	1672	649
2007	70	389
2007	17848	436
2007	5605	502
2007	289	39332
2007	533	20935
2007	2853	333
2007	3707	2822
2007	295	5229
2007	10564	654
2007	2574	726
2007	14029	5
2007	14016	12
2007	310	415
2007	14014	16
2007	4217	355
2007	1632	773
2007	164	455
2007	3333	560
2007	1614	416
2007	1887	563
2007	7323	579
2007	2901	715
2007	440	649
2007	1515	693
2007	1375	953
2007	1237	435
2007	1090	1212
2007	10739	316
2007	851	985
2007	1131	1250
2007	333	45
2007	2668	148
2007	1110	703
2007	298	692
2007	808	960
2007	237	499
2007	221	640
2007	1044	533
2007	220	1269
2007	230	308
2007	210	609
2007	207	1626
2007	1000	273
2007	190	3648
2007	182	549
2007	998	427
2007	65	10453
2007	881	536
2007	1729	4632
2007	6541	931
2007	10395	1212
2007	8305	459
2007	617	5855
2007	1134	511
2007	1906	815
2007	6957	492
2007	1464	1737
2007	2523	1286
2007	523	1182
2007	498	1216
2007	993	543
2007	5565	574
2007	25	659
2007	181	160
2007	504	253
2007	517	287
2007	843	249
2007	993	313
2007	918	107
2007	299	1969
2007	930	293
2007	936	728
2007	1732	56
2007	1104	414
2007	1249	169
2007	1339	382
2007	1369	280
2007	2787	99
2007	2961	764
2007	3470	403
2007	3324	876
2007	433	949
2007	16593	67
2007	16591	92
2007	10579	42
2007	9530	46
2007	8065	33
2007	3416	34
2007	3239	51
2007	1650	48
2007	1353	523
2007	1091	260
2007	418	411
2007	615	46
2007	195	57
2007	16	77
2007	16427	472
2007	10865	292
2007	1888	544
2007	378	4318
2007	380	401
2007	16587	824
2007	965	12855
2007	227	564
2007	1001	1305
2007	1889	476
2007	226	935
2007	1369	459
2007	1890	438
2007	220	529
2007	52	443
2007	188	619
2007	163	1207
2007	6282	843
2007	72	401
2007	1891	430
2007	4343	399
2007	9	137
2007	56	591
2007	190	892
2007	1411	652
2007	198	1241
2007	982	296
2007	4319	431
2007	489	986
2007	57	636
2007	291	1066
2007	518	98
2007	517	528
2007	17833	681
2007	707	833
2007	12370	380
2007	1892	384
2007	8853	811
2007	4147	1371
2007	81	1738
2007	770	292
2007	4136	1539
2007	457	342
2007	1044	1034
2007	503	26642
2007	1104	562
2007	806	2646
2007	1145	733
2007	64	569
2007	1013	216
2007	1004	95
2007	9680	3270
2007	614	3070
2007	1044	1185
2007	997	74
2007	1047	1512
2007	1116	1701
2007	14623	380
2007	14622	392
2007	13581	193
2007	12794	793
2007	8884	209
2007	7832	266
2007	6769	525
2007	6453	1387
2007	6132	788
2007	5969	514
2007	5426	237
2007	4756	288
2007	3373	885
2007	2661	689
2007	2430	957
2007	2425	550
2007	2080	438
2007	1541	235
2007	1193	1137
2007	1185	908
2007	1045	2690
2007	1043	395
2007	779	561
2007	537	3241
2007	207	281
2007	65	231
2007	3466	407
2007	2051	1334
2007	2044	12953
2007	1377	1423
2007	1873	1182
2007	2846	624
2007	3032	1605
2007	4457	187
2007	4504	226
2007	1114	445
2007	1098	424
2007	80	666
2007	518	1033
2007	995	87
2007	3097	2013
2007	538	1947
2007	1895	343
2007	396	307
2007	469	545
2007	174	736
2007	4137	393
2007	289	14132
2007	858	469
2007	9	108
2007	905	299
2007	789	9142
2007	715	383
2007	1534	274
2007	3489	1304
2007	2021	236
2007	1896	337
2007	13	122
2007	1897	324
2007	786	397
2007	627	1509
2007	329	358
2007	1898	320
2007	30	364
2007	525	1262
2007	4115	1800
2007	14583	328
2007	4103	762
2007	4100	776
2007	3646	582
2007	3032	1917
2007	223	532
2007	744	489
2007	5217	7301
2007	1179	1424
2007	747	1367
2007	748	6886
2007	810	454
2007	805	933
2007	6231	3859
2007	506	350
2007	378	203165
2007	45	392
2007	9193	1679
2007	1369	3472
2007	10677	2762
2007	9678	5565
2007	7874	1080
2007	7759	31944
2007	30	586
2007	59	1254
2007	4308	6014
2007	72	13228
2007	82	1038
2007	203	333
2007	441	16295
2007	993	310
2007	1339	214
2007	1014	1304
2007	946	225
2007	2531	4360
2007	3768	3379
2007	7343	839
2007	937	440
2007	10214	418
2007	257	6596
2007	2605	805
2007	2676	1256
2007	9776	366
2007	10685	652
2007	265	2010
2007	379	2989
2007	930	205
2007	375	7229
2007	17650	145
2007	928	488
2007	5360	678
2007	5803	445
2007	8513	416
2007	917	14003
2007	9355	792
2007	841	222
2007	374	1569
2007	333	4639
2007	9359	468
2007	9361	372
2007	333	4106
2007	63	2677
2007	289	21382
2007	1666	3277
2007	436	3800
2007	72	530
2007	72	185
2007	184	1113
2007	9503	88
2007	3902	1590
2007	241	935
2007	2786	954
2007	845	726
2007	265	2641
2007	2437	577
2007	289	1028
2007	291	921
2007	10537	922
2007	157	16324
2007	2301	8131
2007	441	73
2007	9344	1803
2007	936	1403
2007	10400	750
2007	3498	1067
2007	1812	481
2007	1131	4734
2007	190	1205
2007	450	79
2007	809	1277
2007	860	1067
2007	805	607
2007	1834	289
2007	785	845
2007	856	1245
2007	785	697
2007	220	452
2007	923	2841
2007	234	2260
2007	309	919
2007	854	5668
2007	153	353
2007	614	4607
2007	4135	429
2007	1900	303
2007	395	319
2007	487	108
2007	1901	265
2007	1694	513
2007	515	392
2007	6618	602
2007	2664	710
2007	14532	465
2007	14530	504
2007	14529	529
2007	878	93
2007	436	1304
2007	1256	145
2007	14527	705
2007	383	493
2007	1292	296
2007	289	574
2007	1293	113
2007	5058	2640
2007	11724	1121
2007	1295	80
2007	9751	1987
2007	1243	340
2007	6232	746
2007	1300	176
2007	4999	419
2007	4260	613
2007	3197	33
2007	3466	916
2007	3266	612
2007	1303	536
2007	1902	255
2007	378	1387
2007	2664	1480
2007	1312	70
2007	2615	405
2007	2544	478
2007	1314	91
2007	3280	157
2007	1098	1020
2007	620	607
2007	1331	138
2007	530	460
2007	503	405
2007	486	54600
2007	6787	474
2007	6788	426
2007	209	26787
2007	517	469
2007	6791	180
2007	3536	148
2007	2347	2
2007	2027	6
2007	1810	11
2007	1249	3
2007	1079	3
2007	768	951
2007	1013	3
2007	813	364
2007	997	10
2007	993	8
2007	1091	501
2007	877	5
2007	1185	640
2007	1853	384
2007	2430	736
2007	2576	341
2007	2605	164
2007	3621	1358
2007	3769	669
2007	4100	386
2007	180	3
2007	72	7
2007	51	18
2007	4262	460
2007	3400	26
2007	5969	479
2007	265	607
2007	208	650
2007	9769	617
2007	207	796
2007	1381	43
2007	1246	76
2007	1047	1710
2007	1227	718
2007	540	1082
2007	1090	46
2007	11849	220
2007	65	415
2007	13501	683
2007	13416	7917
2007	193	163
2007	13498	1478
2007	908	1344
2007	1360	1691
2007	375	630
2007	3264	215
2007	2051	2628
2007	993	207
2007	481	3470
2007	70	1083
2007	209	555
2007	2044	60845
2007	14359	43
2007	12724	2061
2007	3789	390
2007	12004	654
2007	7190	39
2007	2179	1028
2007	6217	1431
2007	1075	74
2007	1048	84
2007	5030	190
2007	969	51
2007	261	1620
2007	3767	67
2007	966	69
2007	2524	139
2007	5549	950
2007	540	67
2007	11232	1298
2007	2271	174
2007	2133	150
2007	3694	771
2007	2131	120
2007	1988	106
2007	9772	473
2007	9773	401
2007	1520	43
2007	1515	344
2007	11230	2361
2007	3691	774
2007	3504	955
2007	428	276
2007	424	378
2007	3411	1530
2007	228	220
2007	225	138
2007	210	131
2007	1382	511
2007	207	466
2007	377	268
2007	2667	2262
2007	17613	80
2007	1878	1247
2007	172	365
2007	536	122
2007	2361	463
2007	3253	2103
2007	1249	4424
2007	501	106
2007	497	15
2007	493	117
2007	2416	1471
2007	8501	659
2007	2797	5203
2007	1800	91
2007	2402	1031
2007	486	376
2007	481	148
2007	1332	157
2007	1957	1321
2007	424	90
2007	1292	93
2007	61	15
2007	233	70
2007	378	296
2007	4064	23
2007	1075	91
2007	173	1136
2007	492	1697
2007	867	493
2007	507	2553
2007	377	55
2007	768	1103
2007	229	141
2007	209	79
2007	1181	3853
2007	190	52
2007	1194	954
2007	507	768
2007	3373	1198
2007	3028	1064
2007	3729	1079
2007	72	722
2007	744	459
2007	17326	557
2007	428	444
2007	5208	882
2007	429	847
2007	6838	2772
2007	6841	1423
2007	533	843
2007	562	269
2007	6843	1185
2007	6845	1128
2007	620	271
2007	267	2265
2007	630	360
2007	271	762
2007	735	303
2007	276	669
2007	1844	154
2007	278	1226
2007	851	1076
2007	475	5431
2007	1089	1114
2007	527	1506
2007	1384	660
2007	1416	327
2007	1541	279
2007	2131	251
2007	2537	389
2007	2614	549
2007	4742	606
2007	7525	1117
2007	8043	822
2007	487	155
2007	9633	881
2007	10080	567
2007	10407	1244
2007	11229	1410
2007	11230	1289
2007	1613	1477
2007	11232	742
2007	11234	366
2007	1083	2229
2007	857	426
2007	3437	1384
2007	1947	701
2007	1091	307
2007	13432	626
2007	1897	181
2007	3057	221
2007	3616	841
2007	1641	849
2007	1504	2003
2007	1412	366
2007	11412	528
2007	3469	327
2007	11413	245
2007	1839	1140
2007	163	335
2007	1814	219
2007	7081	8
2007	3481	180
2007	1097	759
2007	2544	1664
2007	3744	218
2007	629	771
2007	1375	436
2007	2252	1635
2007	622	1417
2007	536	342
2007	1992	1154
2007	3184	181
2007	2904	1257
2007	4201	130
2007	433	1857
2007	425	668
2007	236	1251
2007	225	1064
2007	209	1401
2007	830	1513
2007	217	793
2007	10041	3279
2007	978	2316
2007	1375	1513
2007	486	109484
2007	208	28
2007	152	1208
2007	220	1214
2007	1062	1020
2007	2906	4197
2007	227	88
2007	2907	1493
2007	6724	1327
2007	13015	71
2007	154	1083
2007	537	2559
2007	918	405
2007	930	256
2007	6782	2157
2007	2910	1329
2007	1672	5103
2007	1672	32460
2007	1854	2123
2007	1854	707
2007	1873	616
2007	2913	1007
2007	1914	420
2007	2352	316
2007	2794	409
2007	3753	734
2007	612	257
2007	1709	336
2007	8596	1004
2007	5072	84
2007	295	2332
2007	3567	285
2007	4566	3281
2007	3859	351
2007	6194	2128
2007	6249	298
2007	2787	5
2007	397	307
2007	2490	686
2007	289	9445
2007	2915	1327
2007	15947	46
2007	1131	1355
2007	9931	1085
2007	6687	871
2007	207	6138
2007	1106	17
2007	3203	514
2007	9629	4211
2007	2166	91
2007	1001	353
2007	1520	8272
2007	4082	162
2007	5074	290
2007	2343	367
2007	389	3642
2007	8659	3925
2007	475	36098
2007	727	3731
2007	1098	2543
2007	1167	586
2007	6836	10547
2007	1705	965
2007	289	29821
2007	717	146
2007	711	88
2007	2921	829
2007	2935	181
2007	2369	449
2007	961	606
2007	3188	177
2007	615	2437
2007	228	976
2007	2923	1370
2007	195	2167
2007	511	309
2007	2136	247
2007	154	903
2007	40	478
2007	4056	89
2007	1947	94
2007	441	420
2007	1810	70
2007	221	1912
2007	2624	8008
2007	603	255
2007	2398	68
2007	1394	149
2007	1614	5289
2007	172	449
2007	1380	74
2007	4317	255
2007	1150	95
2007	1099	85
2007	2927	1244
2007	724	275
2007	3776	705
2007	959	1218
2007	3778	427
2007	854	310
2007	951	104
2007	706	112
2007	4318	222
2007	707	1697
2007	2045	3835
2007	403	273
2007	614	961
2007	51	910
2007	4871	205
2007	4874	147
2007	1055	127
2007	2438	302
2007	1047	150
2007	2047	424
2007	2930	1054
2007	51	1317
2007	183	637
2007	2069	1486
2007	2931	714
2007	220	449
2007	6619	1972
2007	2051	4890
2007	11724	709
2007	3067	2635
2007	6620	957
2007	4912	3011
2007	429	146
2007	5000	3305
2007	230	1064
2007	72	75
2007	10993	6406
2007	6631	749
2007	5586	97
2007	59	367
2007	6885	4406
2007	4732	103
2007	6886	3196
2007	1001	261
2007	6887	2545
2007	70	97
2007	6888	1780
2007	4069	91
2007	903	245
2007	10	1332
2007	6889	1333
2007	601	322
2007	6890	1285
2007	11	762
2007	576	199
2007	516	688
2007	511	313
2007	6891	1102
2007	61	603
2007	187	393
2007	17642	381
2007	812	1051
2007	923	1517
2007	17641	624
2007	6894	1034
2007	5254	5
2007	155	528
2007	7128	571
2007	325	440
2007	5841	4
2007	6895	1030
2007	17307	248
2007	6057	1906
2007	6896	981
2007	51	919
2007	1299	730
2007	1112	2107
2007	6897	976
2007	318	1118
2007	1897	115
2007	436	23
2007	5670	76
2007	6900	921
2007	15889	183
2007	9882	170
2007	2688	177
2007	2963	1159
2007	10857	239
2007	10859	338
2007	6902	778
2007	72	4983
2007	7521	109
2007	6904	712
2007	5709	119
2007	7791	382
2007	8582	400
2007	289	15185
2007	325	675
2007	758	2776
2007	4675	333
2007	4365	2819
2007	3470	267
2007	8718	2093
2007	6191	329
2007	3673	327
2007	13409	326
2007	6905	674
2007	229	1357
2007	7147	341
2007	289	1831
2007	2640	487
2007	3236	288
2007	441	943
2007	1369	292
2007	1261	502
2007	1131	712
2007	629	521
2007	6852	1004
2007	4810	456
2007	5027	433
2007	298	969
2007	4069	3668
2007	193	367
2007	85	350
2007	6698	3
2007	25	234
2007	4171	523
2007	1510	1130
2007	4178	537
2007	306	118
2007	153	903
2007	2059	538
2007	12400	9
2007	6870	792
2007	1164	571
2007	517	2083
2007	6873	646
2007	15837	1406
2007	13854	1945
2007	288	43864
2007	932	522
2007	10753	1378
2007	1195	709
2007	599	341
2007	8945	931
2007	4157	347
2007	7927	3
2007	429	277
2007	7008	1239
2007	10411	34
2007	5785	918
2007	4821	5062
2007	4225	993
2007	5066	265
2007	68	459
2007	10449	516
2007	3791	734
2007	3364	842
2007	3053	1222
2007	217	877
2007	3019	2149
2007	289	999
2007	2034	817
2007	1155	491
2007	1796	1982
2007	1513	4074
2007	10999	656
2007	195	1309
2007	11001	315
2007	868	710
2007	436	1934
2007	13393	710
2007	425	680
2007	2121	164
2007	233	1479
2007	6293	481
2007	383	1393
2007	6773	510
2007	333	3420
2007	11551	179
2007	234	898
2007	227	1535
2007	11553	160
2007	11555	148
2007	1504	350
2007	1128	467
2007	5585	189
2007	40	322
2007	6295	728
2007	492	1331
2007	163	14473
2007	533	4715
2007	712	728
2007	1186	857
2007	8964	348
2007	154	1287
2007	72	2338
2007	72	1303
2007	13219	196
2007	167	1118
2007	8977	475
2007	173	709
2007	2379	1189
2007	1350	306
2007	17294	472
2007	1110	2305
2007	944	1351
2007	13654	162
2007	12979	181
2007	937	473
2007	930	441
2007	7013	308
2007	190	2684
2007	18584	160
2007	6151	214
2007	3173	573
2007	997	99
2007	3763	4636
2007	3703	225
2007	68	60
2007	3488	2475
2007	7	712
2007	3057	356
2007	507	713
2007	88	77
2007	790	588
2007	299	1384
2007	1963	367
2007	2544	799
2007	1772	706
2007	961	1530
2007	12374	55
2007	6597	160
2007	862	449
2007	207	1010
2007	748	155
2007	744	182
2007	962	1427
2007	1672	960
2007	9561	82
2007	701	442
2007	360	186
2007	8656	2091
2007	51	732
2007	1339	3825
2007	9556	124
2007	17285	57
2007	9905	44
2007	3488	29
2007	2179	65
2007	903	180
2007	534	40
2007	527	99
2007	523	265
2007	475	28
2007	465	45
2007	886	500
2007	455	38
2007	333	205
2007	332	62
2007	322	51
2007	9554	128
2007	318	230
2007	459	442
2007	1062	711
2007	6924	704
2007	301	90
2007	355	316
2007	9553	130
2007	293	30
2007	292	166
2007	291	211
2007	3763	562
2007	289	1084
2007	288	253
2007	396	3158
2007	188	707
2007	239	130
2007	7013	1139
2007	8	4206
2007	67	36
2007	316	252
2007	13563	92
2007	12358	373
2007	1689	1157
2007	3948	3900
2007	12319	411
2007	59	1017
2007	1879	8240
2007	3300	165
2007	511	454
2007	6667	123
2007	9550	183
2007	6910	121
2007	2391	199
2007	227	576
2007	4024	196
2007	1243	1061
2007	7148	105
2007	1081	398
2007	212	385
2007	441	1982
2007	289	2881
2007	6452	956
2007	5411	288
2007	295	81
2007	1146	194
2007	1118	808
2007	85	888
2007	14359	195
2007	5785	1151
2007	27	2690
2007	32	4675
2007	3534	136
2007	1891	178
2007	203	242
2007	4810	2909
2007	39	3564
2007	17640	642
2007	11910	390
2007	1089	1747
2007	4223	444
2007	2811	108
2007	3057	1207
2007	1085	2306
2007	12002	2011
2007	1213	798
2007	1394	182
2007	190	2805
2007	10961	529
2007	233	40946
2007	190	295
2007	265	39
2007	71	391
2007	2131	2434
2007	1110	702
2007	949	546
2007	2815	437
2007	918	693
2007	2677	208
2007	295	2741
2007	3057	1051
2007	917	827
2007	2544	2307
2007	2524	2096
2007	712	342
2007	1983	59
2007	707	3764
2007	1510	3741
2007	506	1008
2007	198	434
2007	1375	910
2007	2967	31
2007	217	1601
2007	1106	2293
2007	962	3605
2007	1122	745
2007	199	1118
2007	17638	792
2007	1089	202
2007	17637	929
2007	11964	258
2007	9499	100
2007	11186	284
2007	8769	317
2007	2432	144
2007	6052	2874
2007	1062	2942
2007	11956	522
2007	225	929
2007	1098	179
2007	221	1115
2007	1073	896
2007	199	2452
2007	13854	2138
2007	103	84
2007	488	1274
2007	190	1100
2007	11953	1023
2007	9485	253
2007	1243	1832
2007	1459	7499
2007	615	227
2007	6250	1084
2007	11187	188
2007	1886	3397
2007	1983	5959
2007	11188	140
2007	1300	143
2007	1164	2291
2007	3191	3041
2007	14358	158
2007	16418	41
2007	7256	1504
2007	2424	2568
2007	1459	5085
2007	7082	1811
2007	930	4704
2007	7101	227
2007	7103	144
2007	67	75
2007	45	428
2007	295	153
2007	486	905
2007	511	59
2007	959	125
2007	1001	65
2007	5966	136
2007	209	1893
2007	2427	140
2007	378	1148
2007	13430	1201
2007	137	43
2007	3966	742
2007	1201	207
2007	17191	178
2007	17190	185
2007	15748	6
2007	3827	182
2007	403	1111
2007	17187	195
2007	154	295
2007	16416	596
2007	12298	586
2007	2062	187
2007	17180	426
2007	7667	244
2007	622	1164
2007	418	624
2007	13612	207
2007	3333	148
2007	11624	256
2007	7194	150
2007	5890	1416
2007	444	258
2007	11604	215
2007	10674	322
2007	238	87
2007	10071	116
2007	215	20
2007	4229	12
2007	7187	191
2007	8945	178
2007	6217	158
2007	5419	395
2007	905	2667
2007	4520	191
2007	4073	108
2007	227	2333
2007	3945	330
2007	706	44
2007	4311	994
2007	3171	430
2007	3809	244
2007	1710	365
2007	3117	154
2007	3945	1328
2007	707	171
2007	151	1807
2007	154	328
2007	59	275
2007	1378	140
2007	3502	598
2007	11218	1108
2007	1106	206
2007	198	189
2007	5045	521
2007	221	104
2007	9187	9358
2007	969	818
2007	182	909
2007	997	1985
2007	95	88
2007	65	605
2007	735	62
2007	622	1169
2007	7187	550
2007	3523	211
2007	959	60
2007	3442	240
2007	1249	145
2007	1787	61
2007	3364	220
2007	1358	63
2007	1412	41
2007	2531	202
2007	2471	619
2007	1418	405
2007	2470	228
2007	15687	2444
2007	10186	1083
2007	163	22659
2007	2026	193
2007	1201	973
2007	1239	230
2007	53	18
2007	1047	1037
2007	851	708
2007	841	393
2007	228	450
2007	199	272
2007	197	203
2007	321	817
2007	326	121
2007	333	866
2007	1684	1869
2007	13429	170
2007	1044	1540
2007	13426	211
2007	1546	191
2007	1549	175
2007	982	1427
2007	715	2960
2007	222	106
2007	903	5563
2007	1424	860
2007	1632	466
2007	2281	700
2007	2616	559
2007	875	3529
2007	7274	589
2007	522	2914
2007	768	242
2007	3440	1067
2007	430	978
2007	5000	1585
2007	291	224
2007	3920	1521
2007	229	1126
2007	207	1743
2007	11811	1091
2007	905	946
2007	862	611
2007	716	474
2007	6289	811
2007	709	490
2007	511	2026
2007	416	2366
2007	1089	5086
2007	1539	308
2007	6959	372
2007	3084	1011
2007	998	275
2007	2458	829
2007	5549	463
2007	229	647
2007	1941	915
2007	1861	853
2007	228	701
2007	1755	1944
2007	225	852
2007	7862	1414
2007	16361	813
2007	220	491
2007	1119	1552
2007	201	98
2007	206	1200
2007	199	1049
2007	732	833
2007	997	200
2007	1122	1787
2007	993	361
2007	3279	365
2007	857	1403
2007	8854	7528
2007	6678	1196
2007	629	1654
2007	1470	2149
2007	919	744
2007	154	2077
2007	2009	65
2007	99	648
2007	72	1364
2007	66	483
2007	65	713
2007	67	21540
2007	812	1589
2007	610	827
2007	606	1428
2007	289	7871
2007	310	562
2007	370	1226
2007	257	28980
2007	359	817
2007	389	853
2007	196	1290
2007	154	3641
2007	3501	4368
2007	8888	1669
2007	1944	8167
2007	289	19348
2007	154	1040
2007	599	108
2007	257	27
2007	51	263
2007	292	46
2007	306	25
2007	329	156
2007	333	464
2007	456	63
2007	155	224
2007	190	1682
2007	707	45407
2007	985	290
2007	1061	102
2007	100	22
2007	333	5306
2007	11190	96
2007	98	310
2007	258	18
2007	601	473
2007	599	1768
2007	206	720
2007	1377	1150
2007	472	610
2007	1047	366
2007	51	2182
2007	71	230
2007	212	758
2007	227	4247
2007	17150	418
2007	233	2965
2007	407	354
2007	17149	447
2007	3862	487
2007	14511	2651
2007	3875	309
2007	13168	135
2007	603	355
2007	769	294
2007	1713	709
2007	6150	175
2007	4314	186
2007	4315	162
2007	998	59
2007	1897	108
2007	72	2182
2007	222	129
2007	852	311
2007	559	116
2007	289	9541
2007	1064	268
2007	1846	42
2007	1889	24
2007	535	2274
2007	917	148
2007	989	151
2007	1206	106
2007	601	564
2007	3373	145
2007	3266	104
2007	2614	187
2007	1502	520
2007	1048	655
2007	716	281
2007	629	76
2007	432	293
2007	1360	100
2007	9363	12091
2007	1369	110
2007	1504	100
2007	1513	202
2007	1901	230
2007	620	1553
2007	2026	1805
2007	1857	1590
2007	154	159
2007	2343	205
2007	2375	123
2007	2475	231
2007	2493	127
2007	3201	16
2007	3717	492
2007	599	2643
2007	3856	20
2007	2811	943
2007	2624	5563
2007	3430	148
2007	4081	108
2007	4395	796
2007	375	2005
2007	4396	759
2007	4397	450
2007	3921	22
2007	4398	388
2007	4407	142
2007	4408	139
2007	4409	129
2007	4410	125
2007	4411	123
2007	2812	936
2007	4413	120
2007	4414	119
2007	4415	119
2007	4416	115
2007	4417	112
2007	4418	110
2007	4419	108
2007	4420	107
2007	599	4628
2007	4422	100
2007	18314	172
2007	486	11844
2007	99	497
2007	72	1996
2007	100	417
2007	857	614
2007	62	1463
2007	6785	117
2007	58	237
2007	107	247
2007	349	1983
2007	874	427
2007	562	295
2007	1946	330
2007	2605	129
2007	721	348
2007	2817	409
2007	733	377
2007	735	531
2007	1150	300
2007	378	129595
2007	1242	400
2007	2265	519
2007	2906	4640
2007	2857	308
2007	7695	139
2007	540	3050
2007	7699	132
2007	3458	619
2007	4620	499
2007	11205	406
2007	15524	144
2007	15521	199
2007	10794	502
2007	8668	677
2007	8369	808
2007	5113	215
2007	3448	316
2007	3438	304
2007	3432	1602
2007	1534	776
2007	1217	385
2007	1083	2237
2007	875	572
2007	870	457
2007	515	442
2007	441	279
2007	2	385
2007	155	346
2007	811	593
2007	13588	529
2007	13589	378
2007	6776	7831
2007	72	6337
2007	15487	352
2007	15485	1169
2007	599	1340
2007	180	1071
2007	187	305
2007	511	1151
2007	10299	1766
2007	607	64
2007	15637	110
2007	6133	101
2007	203	370
2007	1590	1390
2007	299	2612
2007	536	154
2007	4262	3565
2007	55	405
2007	9469	147
2007	190	7213
2007	498	188
2007	993	611
2007	67	540
2007	207	753
2007	456	821
2007	233	263
2007	190	4055
2007	377	727
2007	99	192
2007	432	352
2007	486	847
2007	441	309
2007	512	594
2007	6780	118
2007	429	1371
2007	758	4001
2007	759	617
2007	180	385
2007	1786	438
2007	6120	2525
2007	1339	2708
2007	13598	263
2007	289	1709
2007	11053	41
2007	45	339
2007	11203	459
2007	7	1410
2007	1789	213
2007	17070	317
2007	1876	236
2007	525	345
2007	288	1997
2007	4828	2042
2007	11191	91
2007	17062	403
2007	212	535
2007	707	331
2007	2850	2806
2007	3941	190
2007	2154	1233
2007	428	2350
2007	2383	1133
2007	1684	2998
2007	1110	1415
2007	1358	451
2007	8962	82
2007	2747	328
2007	1369	674
2007	6258	293
2007	2820	912
2007	3833	336
2007	4118	456
2007	1468	519
2007	1527	349
2007	15454	1324
2007	17053	836
2007	15453	1601
2007	4435	475
2007	1300	564
2007	4896	772
2007	7637	1423
2007	9	275
2007	8298	319
2007	8790	696
2007	72	445
2007	8999	458
2007	3769	995
2007	9000	261
2007	316	235
2007	9001	259
2007	3104	4192
2007	190	645
2007	225	188
2007	9003	247
2007	9005	224
2007	229	457
2007	55	4473
2007	2430	1467
2007	14353	326
2007	14350	454
2007	67	4983
2007	233	125
2007	154	1197
2007	289	4653
2007	1001	2418
2007	292	6291
2007	971	478
2007	1090	104
2007	1180	2387
2007	1046	764
2007	1104	1125
2007	316	538
2007	1300	833
2007	10518	722
2007	3184	176
2007	718	185
2007	220	615
2007	182	2520
2007	11193	87
2007	540	1049
2007	6746	69
2007	13754	481
2007	9697	209
