2006	4447	279
2006	25	234
2006	209	1003
2006	493	870
2006	497	1048
2006	540	1009
2006	1091	777
2006	1116	1086
2006	1206	2533
2006	1650	959
2006	4865	1031
2006	2669	301
2006	1222	257
2006	744	1361
2006	444	1062
2006	5414	19
2006	6681	379
2006	13525	122
2006	11985	80
2006	8280	140
2006	4191	147
2006	3754	1922
2006	3086	656
2006	2415	220
2006	1116	117
2006	3242	919
2006	3109	2777
2006	3328	968
2006	3360	1995
2006	3455	1476
2006	6257	956
2006	154	902
2006	6391	1360
2006	7678	5151
2006	8065	694
2006	9960	2042
2006	498	328
2006	10403	862
2006	3316	100
2006	525	97
2006	349	125
2006	310	104
2006	51	732
2006	1089	5979
2006	226	1458
2006	229	792
2006	233	1479
2006	436	1934
2006	72	2338
2006	187	2130
2006	4069	3668
2006	9629	1291
2006	295	122
2006	193	367
2006	538	619
2006	711	88
2006	2627	10017
2006	4230	21686
2006	9668	5489
2006	9671	2577
2006	717	146
2006	292	203
2006	289	317
2006	1013	216
2006	288	226
2006	1090	240
2006	1713	256
2006	67	452
2006	523	1596
2006	525	424
2006	537	208
2006	542	947
2006	701	706
2006	790	203
2006	906	226
2006	972	228
2006	1052	1335
2006	1580	2294
2006	2523	702
2006	9685	1516
2006	3327	1586
2006	3328	1346
2006	3329	1048
2006	3331	640
2006	3332	524
2006	3333	329
2006	2554	109
2006	6732	1827
2006	6733	933
2006	6734	175
2006	55	237
2006	6743	90
2006	6746	69
2006	1116	1393
2006	1941	346
2006	3616	953
2006	4262	3565
2006	991	282
2006	463	1018
2006	518	1417
2006	227	636
2006	599	1768
2006	217	167
2006	732	833
2006	866	1252
2006	9928	3136
2006	905	2667
2006	233	1300
2006	230	198
2006	1879	8240
2006	875	3529
2006	1206	3366
2006	217	136
2006	190	125
2006	173	1803
2006	4828	485
2006	4466	552
2006	3384	860
2006	3200	313
2006	3110	293
2006	1974	235
2006	1866	924
2006	1244	327
2006	1878	1247
2006	1045	305
2006	714	2145
2006	439	1240
2006	418	1572
2006	261	434
2006	217	1547
2006	204	306
2006	378	5435
2006	65	3153
2006	229	5200
2006	424	2429
2006	428	1957
2006	439	4621
2006	378	614
2006	453	4877
2006	533	9453
2006	951	2386
2006	952	1429
2006	2787	1662
2006	3431	3040
2006	2797	5203
2006	4115	1231
2006	5258	610
2006	1083	2229
2006	3375	2790
2006	911	7162
2006	523	7968
2006	318	10598
2006	15055	833
2006	184	137
2006	292	5779
2006	206	146
2006	10404	853
2006	683	3352
2006	1116	239
2006	10405	814
2006	1377	298
2006	9470	114
2006	3748	1913
2006	289	128654
2006	10408	695
2006	10410	652
2006	3751	193
2006	3753	114
2006	13012	93
2006	55	7204
2006	930	400
2006	1418	346
2006	11253	77
2006	6677	71
2006	1710	504
2006	2901	114
2006	7	638
2006	233	1168
2006	2444	66
2006	377	190
2006	3320	1953
2006	1684	1921
2006	1246	12920
2006	701	1160
2006	540	935
2006	525	1239
2006	462	1499
2006	403	997
2006	349	882
2006	333	2188
2006	318	1907
2006	306	764
2006	296	2962
2006	293	12195
2006	291	2658
2006	2916	1339
2006	2346	78
2006	517	439
2006	1097	939
2006	622	3596
2006	195	2167
2006	1883	131
2006	1878	151
2006	1413	72
2006	7404	194
2006	1394	149
2006	1358	92
2006	1081	66
2006	985	122
2006	860	239
2006	706	112
2006	630	110
2006	601	102
2006	5421	398
2006	562	89
2006	389	68
2006	333	72
2006	6619	1972
2006	220	449
2006	166	119
2006	6620	957
2006	233	1535
2006	70	97
2006	614	1113
2006	964	759
2006	67	128
2006	6894	1034
2006	7281	1543
2006	1110	3248
2006	6257	340
2006	3613	392
2006	1116	1363
2006	10977	273
2006	2625	237
2006	2265	299
2006	11517	576
2006	4324	1166
2006	2405	297
2006	1963	366
2006	1950	344
2006	1948	357
2006	1119	874
2006	1614	386
2006	1118	417
2006	1100	996
2006	618	626
2006	1123	683
2006	436	667
2006	226	542
2006	211	286
2006	190	381
2006	53	627
2006	11519	240
2006	1175	190
2006	12400	9
2006	1093	3279
2006	11548	311
2006	6773	691
2006	1125	584
2006	709	127
2006	6769	358
2006	3616	1675
2006	770	384
2006	1131	433
2006	17301	159
2006	1133	356
2006	7013	308
2006	5191	241
2006	3169	184
2006	3132	512
2006	1137	287
2006	12373	57
2006	748	155
2006	12366	66
2006	12363	88
2006	1123	139
2006	12361	100
2006	75	861
2006	187	112009
2006	12359	142
2006	877	926
2006	6935	77
2006	6453	245
2006	12358	373
2006	51	726
2006	2347	445
2006	6910	121
2006	18009	94
2006	6298	793
2006	6408	190
2006	6407	135
2006	5415	59
2006	5411	288
2006	19	2496
2006	4852	93
2006	3686	67
2006	3534	136
2006	36	3224
2006	2554	185
2006	45	2396
2006	59	1780
2006	64	2671
2006	11253	214
2006	81	2239
2006	190	2805
2006	2691	81
2006	233	40946
2006	238	1938
2006	15752	1017
2006	512	3608
2006	515	1822
2006	2677	208
2006	517	2429
2006	1969	168
2006	1965	109
2006	6191	258
2006	1375	910
2006	1106	2293
2006	1732	197
2006	962	3605
2006	519	2720
2006	618	1420
2006	614	1476
2006	533	1735
2006	1619	77
2006	603	3588
2006	1161	53
2006	864	2652
2006	228	1279
2006	748	111
2006	1118	2835
2006	190	1100
2006	154	2798
2006	1119	8340
2006	1203	2850
2006	1206	1871
2006	1277	4322
2006	2369	4633
2006	2473	1845
2006	3109	2458
2006	3191	3041
2006	3285	4108
2006	3562	2426
2006	6257	3000
2006	7078	3019
2006	17185	224
2006	17184	288
2006	17180	426
2006	11604	215
2006	6217	158
2006	3171	430
2006	1105	454
2006	2614	119
2006	1378	140
2006	1105	139
2006	190	229
2006	3694	210
2006	5966	1854
2006	3721	289
2006	3705	858
2006	3616	6123
2006	3438	1115
2006	6350	2735
2006	4313	10034
2006	13935	1039
2006	3920	1521
2006	2562	4583
2006	6678	1223
2006	2559	1325
2006	2556	5255
2006	5441	1014
2006	3398	426
2006	5169	952
2006	3420	2264
2006	2778	1027
2006	2006	5007
2006	2531	1257
2006	2343	1506
2006	1892	2029
2006	1810	1530
2006	1216	786
2006	1131	1438
2006	1413	1563
2006	1118	786
2006	1116	1547
2006	1110	1161
2006	947	1443
2006	1076	1413
2006	943	889
2006	931	1001
2006	1019	1300
2006	920	2149
2006	1014	5635
2006	918	1224
2006	1013	3624
2006	1001	2428
2006	846	1293
2006	843	869
2006	815	1071
2006	999	1289
2006	998	1615
2006	506	1497
2006	997	2710
2006	190	1070
2006	188	1748
2006	152	830
2006	715	539
2006	622	372
2006	609	132
2006	355	2542
2006	205	1630
2006	993	1400
2006	17149	447
2006	3737	1169
2006	4320	152
2006	291	2172
2006	294	1756
2006	1332	2064
2006	204	1637
2006	959	3028
2006	917	2472
2006	874	5444
2006	4189	100
2006	1244	99
2006	227	638
2006	209	75
2006	732	1500
2006	51	274
2006	733	132
2006	599	4628
2006	1043	266
2006	786	380
2006	533	1944
2006	13575	104
2006	511	15662
2006	227	5005
2006	193	3633
2006	8656	171
2006	187	1777
2006	172	2210
2006	99	192
2006	170	1948
2006	159	16739
2006	994	256
2006	157	1535
2006	333	568
2006	155	2082
2006	293	231
2006	98	3505
2006	85	4810
2006	77	5057
2006	72	27229
2006	67	5553
2006	59	4561
2006	917	264
2006	188	2208
2006	1073	311
2006	2850	952
2006	1110	1415
2006	1369	674
2006	1710	130
2006	1413	1724
2006	1468	519
2006	15453	1601
2006	7054	2545
2006	5072	1303
2006	15	62
2006	4130	2745
2006	3921	3587
2006	51	103150
2006	3104	4192
2006	2554	2192
2006	2469	1268
2006	1810	1768
2006	1122	5181
2006	1116	2883
2006	1013	1766
2006	1009	1374
2006	1001	2418
2006	993	9381
2006	748	1460
2006	511	8839
2006	253	2801
2006	182	2520
2006	159	1552
2006	80	1546
2006	72	1956
2006	67	5741
2006	61	4147
2006	56	1295
2006	51	24657
2006	2463	329
2006	3481	1005
2006	3774	333
2006	4784	328
2006	5297	697
2006	5301	432
2006	3448	786
2006	7057	423
2006	4365	2503
2006	7791	728
2006	7792	617
2006	7793	498
2006	7794	457
2006	7806	292
2006	1131	18600
2006	3280	200
2006	3280	195
2006	2523	559
2006	791	268
2006	455	2081
2006	326	496
2006	310	547
2006	289	4281
2006	966	1970
2006	15119	581
2006	8710	366
2006	7077	637
2006	854	2674
2006	614	69301
2006	4260	546
2006	3200	401
2006	2708	304
2006	12273	1553
2006	1090	643
2006	533	336
2006	439	782
2006	434	656
2006	424	591
2006	2643	1335
2006	207	1755
2006	998	350
2006	2014	659
2006	222	106
2006	12736	736
2006	1006	455
2006	378	1925
2006	7260	916
2006	6060	1055
2006	56	138
2006	4928	516
2006	9470	271
2006	3201	530
2006	3110	395
2006	1519	354
2006	1424	230
2006	4126	428
2006	418	476
2006	614	244
2006	316	816
2006	310	301
2006	285	1279
2006	172	615
2006	65	304
2006	55	1043
2006	267	1449
2006	330	255
2006	605	1952
2006	1636	660
2006	1707	237
2006	15	601
2006	503	1019
2006	769	547
2006	821	564
2006	603	324
2006	917	2778
2006	918	373
2006	930	335
2006	953	195
2006	957	172
2006	1131	259
2006	4607	303
2006	993	290
2006	4610	159
2006	1019	415
2006	220	615
2006	12215	389
2006	12214	433
2006	10677	197
2006	1250	320
2006	9084	439
2006	7286	406
2006	3749	515
2006	233	1011
2006	3375	378
2006	3110	118
2006	72	209
2006	51	410
2006	1415	127
2006	1383	167
2006	1244	118
2006	1242	755
2006	730	303
2006	683	15608
2006	333	148
2006	316	145
2006	227	1326
2006	16908	600
2006	16904	747
2006	6542	560
2006	1066	721
2006	1295	207
2006	229	547
2006	851	303
2006	441	143
2006	507	458
2006	9108	276
2006	5605	1010
2006	55	4097
2006	16884	22
2006	16883	22
2006	5089	2489
2006	16878	33
2006	16875	41
2006	192	180
2006	16435	19
2006	253	262
2006	227	320
2006	13247	26
2006	8934	37
2006	1929	511
2006	4224	23
2006	289	4620
2006	1836	370
2006	293	599
2006	17496	175
2006	299	516
2006	465	122
2006	523	186
2006	2936	330
2006	17494	212
2006	954	1054
2006	9747	655
2006	1710	1816
2006	4069	709
2006	4058	1654
2006	13353	1060
2006	11550	1163
2006	6773	1193
2006	6602	1125
2006	1672	11830
2006	1249	1151
2006	67	1431
2006	786	734
2006	1231	3732
2006	898	4604
2006	537	730
2006	1810	652
2006	152	662
2006	751	508
2006	769	1189
2006	917	522
2006	72	1869
2006	717	1448
2006	163	2504
2006	220	630
2006	227	2523
2006	234	749
2006	436	322
2006	562	545
2006	614	6458
2006	706	219
2006	707	972
2006	728	203
2006	854	1066
2006	856	421
2006	868	494
2006	917	1933
2006	905	198
2006	959	842
2006	1110	7467
2006	1119	274
2006	1122	1188
2006	1358	729
2006	1360	319
2006	1372	2077
2006	1412	2389
2006	1413	308
2006	1416	651
2006	2342	346
2006	2343	331
2006	2346	322
2006	4782	343
2006	4784	1080
2006	5171	487
2006	618	147
2006	126	292
2006	5175	260
2006	787	426
2006	788	424
2006	1110	1213
2006	789	400
2006	1131	1004
2006	791	271
2006	15065	28
2006	15062	34
2006	11084	1074
2006	65	1423
2006	154	18414
2006	173	3277
2006	195	6711
2006	199	1190
2006	210	1116
2006	1411	579
2006	217	5677
2006	1413	647
2006	14971	207
2006	14968	214
2006	2006	376
2006	14950	402
2006	14946	534
2006	4790	233
2006	1411	643
2006	3417	1190
2006	3511	355
2006	792	263
2006	222	2680
2006	225	3501
2006	418	682
2006	426	2330
2006	428	1970
2006	433	722
2006	5336	110
2006	794	215
2006	615	1547
2006	683	1150
2006	859	4257
2006	2407	1160
2006	3259	1607
2006	3616	1445
2006	798	145
2006	6294	1353
2006	17910	219
2006	17906	311
2006	17903	427
2006	17902	434
2006	17901	484
2006	173	642
2006	15551	444
2006	13660	424
2006	12165	297
2006	199	869
2006	10248	460
2006	6298	1084
2006	9860	232
2006	222	769
2006	291	402
2006	8675	493
2006	1874	343
2006	4675	522
2006	1475	706
2006	6847	297
2006	8153	131
2006	326	357
2006	5429	221
2006	5027	234
2006	334	6291
2006	2815	220
2006	2271	286
2006	1171	491
2006	1062	691
2006	225	427
2006	210	504
2006	203	611
2006	226	567
2006	227	2118
2006	231	419
2006	5636	382
2006	425	1064
2006	439	1402
2006	618	1951
2006	622	346
2006	629	1000
2006	335	2396
2006	709	1799
2006	345	527
2006	858	550
2006	1090	418
2006	1098	846
2006	1109	330
2006	800	120
2006	1159	601
2006	1424	2947
2006	1504	585
2006	2281	652
2006	7814	1047
2006	3200	1002
2006	17493	305
2006	3469	472
2006	3902	1167
2006	348	504
2006	4793	412
2006	841	639
2006	843	182
2006	953	335
2006	1281	508
2006	2654	244
2006	3717	130
2006	3722	196
2006	4265	164
2006	6289	123
2006	6493	319
2006	7941	288
2006	17883	1096
2006	6294	279
2006	8248	266
2006	4262	479
2006	8250	258
2006	5410	761
2006	8252	170
2006	2840	266
2006	1378	552
2006	1105	837
2006	540	1803
2006	8253	131
2006	366	274
2006	267	468
2006	5411	593
2006	5412	518
2006	5414	435
2006	14096	1001
2006	13463	668
2006	5417	409
2006	5418	405
2006	3693	2361
2006	3469	838
2006	5421	336
2006	5422	334
2006	1976	843
2006	1732	1829
2006	357	345
2006	709	1599
2006	599	882
2006	440	6544
2006	8260	86
2006	701	103
2006	534	130
2006	310	1494
2006	291	1279
2006	257	5886
2006	16678	1766
2006	11229	1902
2006	9823	1336
2006	8591	1456
2006	7667	888
2006	6217	2744
2006	3468	804
2006	604	882
2006	217	900
2006	195	1044
2006	599	1284
2006	917	3496
2006	936	465
2006	801	120
2006	2574	352
2006	957	672
2006	1113	654
2006	1729	4632
2006	1134	511
2006	1001	1950
2006	393	442
2006	394	314
2006	395	344
2006	2094	2449
2006	5080	521
2006	5083	327
2006	917	82773
2006	922	4391
2006	1079	133
2006	3774	444
2006	6282	843
2006	17492	394
2006	1411	652
2006	1412	1134
2006	1001	1305
2006	506	2183
2006	17490	747
2006	2094	594
2006	792	2250
2006	2362	140
2006	789	9142
2006	786	397
2006	18	416
2006	17797	4661
2006	17795	5601
2006	45	774
2006	17794	6085
2006	13558	5418
2006	1072	7482
2006	57	463
2006	58	409
2006	55	1168
2006	67	15146
2006	71	1342
2006	159	1069
2006	155	1783
2006	257	1165
2006	1014	47632
2006	288	2156
2006	197	542
2006	289	3544
2006	291	986
2006	697	394
2006	292	1431
2006	293	1064
2006	295	1154
2006	296	1159
2006	299	8339
2006	301	1165
2006	306	1261
2006	310	2969
2006	316	770
2006	333	4106
2006	986	269
2006	1203	325
2006	1295	320
2006	1694	582
2006	2407	490
2006	2442	801
2006	3285	473
2006	349	1164
2006	360	2512
2006	378	8434
2006	389	1997
2006	518	1363
2006	525	2735
2006	534	993
2006	701	1890
2006	722	1000
2006	891	1658
2006	913	1608
2006	930	4694
2006	959	1959
2006	2220	1440
2006	4883	1410
2006	4920	3036
2006	5767	807
2006	7148	1312
2006	8495	1145
2006	8497	956
2006	3611	361
2006	3748	9685
2006	3902	467
2006	5267	889
2006	5650	919
2006	5662	284
2006	14528	642
2006	1277	107
2006	14525	718
2006	7395	573
2006	3991	513
2006	3046	474
2006	1327	79
2006	5630	6360
2006	1639	657
2006	1131	2134
2006	920	3434
2006	854	5199
2006	209	1004
2006	2044	60845
2006	198	1187
2006	3703	955
2006	3691	774
2006	237	605
2006	614	1982
2006	859	1070
2006	433	1857
2006	17759	636
2006	2343	367
2006	72	259
2006	192	131
2006	1534	363
2006	8665	159
2006	8666	147
2006	11442	275
2006	8016	303
2006	6836	10547
2006	5452	2111
2006	4079	5567
2006	159	1747
2006	3776	705
2006	3258	217
2006	51	1317
2006	187	421
2006	877	713
2006	985	401
2006	998	3799
2006	1013	292
2006	1882	1824
2006	1883	1246
2006	1886	3119
2006	2938	807
2006	4876	152
2006	2424	2707
2006	3470	267
2006	3416	495
2006	2407	2614
2006	1782	303
2006	1632	2858
2006	1090	484
2006	14468	47
2006	14462	74
2006	14461	74
2006	10203	78
2006	4451	329
2006	1380	169
2006	1231	70
2006	200	38
2006	959	233
2006	730	219
2006	683	667
2006	629	228
2006	615	3994
2006	434	298
2006	8691	535
2006	217	1601
2006	11965	245
2006	163	867
2006	210	1066
2006	6058	1087
2006	6064	448
2006	199	1118
2006	11959	451
2006	11955	695
2006	11953	1023
2006	10812	236
2006	5299	1111
2006	11186	284
2006	3299	504
2006	2281	750
2006	1504	315
2006	1202	463
2006	2578	36
2006	51	940
2006	53	489
2006	98	675
2006	173	394
2006	429	128
2006	1339	2708
2006	1097	859
2006	1242	955
2006	4384	918
2006	5833	702
2006	6203	896
2006	8600	431
2006	8715	190
2006	615	1957
2006	11189	99
2006	17374	795
2006	535	2274
2006	16068	158
2006	310	1369
2006	440	565
2006	154	518
2006	299	2612
2006	15038	278
2006	17373	828
2006	17372	1096
2006	14941	985
2006	13888	1115
2006	12002	1440
2006	11903	865
2006	10110	1020
2006	8672	951
2006	7878	787
2006	289	5871
2006	6155	1028
2006	15055	199
2006	4934	413
2006	67	14122
2006	3884	1592
2006	3281	737
2006	3053	1109
2006	2289	2462
2006	210	359
2006	199	594
2006	210	1457
2006	225	1439
2006	1378	2402
2006	426	1107
2006	4118	826
2006	1639	1145
2006	1504	743
2006	1213	1142
2006	15	949
2006	25	3205
2006	503	5065
2006	812	3070
2006	985	863
2006	858	789
2006	821	2692
2006	56	1589
2006	333	1041
2006	159	1234
2006	8808	4
2006	824	1968
2006	953	1009
2006	843	499
2006	226	469
2006	2444	702
2006	1179	1080
2006	209	5809
2006	195	80056
2006	841	1788
2006	1171	420
2006	917	36052
2006	920	1588
2006	11892	1162
2006	159	1299
2006	13065	1276
2006	2901	145
2006	55	15252
2006	728	237
2006	583	121
2006	11316	157
2006	3707	403
2006	3411	151
2006	778	289
2006	748	122
2006	67	1165
2006	155	3649
2006	209	1105
2006	257	496
2006	288	971
2006	289	20876
2006	291	4725
2006	923	1581
2006	936	5170
2006	942	8565
2006	953	2060
2006	957	1907
2006	1338	1641
2006	1339	1438
2006	1342	871
2006	1349	900
2006	1350	843
2006	567	73
2006	1374	1760
2006	1527	1131
2006	1710	1255
2006	2009	872
2006	292	2722
2006	4670	991
2006	67	4161
2006	289	32135
2006	11862	506
2006	11860	551
2006	296	1572
2006	12194	200
2006	9961	701
2006	318	2511
2006	72	2472
2006	2955	596
2006	320	464
2006	7054	251
2006	1406	732
2006	326	730
2006	349	1755
2006	523	686
2006	525	1131
2006	913	864
2006	1052	2870
2006	51	332
2006	59	92
2006	72	559
2006	99	190
2006	159	100
2006	429	129
2006	709	145
2006	857	180
2006	859	332
2006	1878	117
2006	2531	137
2006	2938	725
2006	3281	153
2006	3436	526
2006	3781	96
2006	5260	919
2006	7325	282
2006	9320	343
2006	9324	228
2006	9332	106
2006	53	365
2006	63	947
2006	175	502
2006	238	549
2006	497	403
2006	782	1006
2006	1099	680
2006	1226	729
2006	1620	431
2006	1793	771
2006	2030	387
2006	2711	750
2006	3992	493
2006	5072	366
2006	293	2126
2006	5358	791
2006	9354	795
2006	9356	595
2006	5929	313
2006	842	869
2006	295	1709
2006	299	427
2006	841	749
2006	305	2107
2006	306	189
2006	310	313
2006	839	520
2006	318	1254
2006	930	6619
2006	320	888
2006	3464	169
2006	329	174
2006	333	2410
2006	349	677
2006	3264	215
2006	3201	258
2006	59	1017
2006	2938	192
2006	6544	849
2006	5027	490
2006	3902	341
2006	3258	521
2006	378	1670
2006	2936	211
2006	3200	2327
2006	3186	413
2006	2531	1550
2006	1062	556
2006	289	999
2006	225	549
2006	217	975
2006	207	1010
2006	8422	2069
2006	2531	152
2006	4255	1533
2006	3988	1927
2006	2029	211
2006	1881	237
2006	1844	219
2006	1464	208
2006	1083	366
2006	1013	408
2006	13918	687
2006	7259	416
2006	3778	513
2006	1230	582
2006	9539	2050
2006	1100	797
2006	53	97
2006	1890	1126
2006	444	969
2006	10771	572
2006	1001	1098
2006	4272	272
2006	1098	250
2006	3195	610
2006	2970	431
2006	215	2021
2006	2961	266
2006	1116	7700
2006	2370	549
2006	1643	28151
2006	1004	322
2006	1001	193
2006	998	277
2006	475	978
2006	229	849
2006	173	2111
2006	993	313
2006	877	154
2006	875	368
2006	72	908
2006	712	191
2006	601	189
2006	599	615
2006	511	256
2006	441	302
2006	2301	8131
2006	436	241
2006	429	285
2006	159	970
2006	100	179
2006	72	421
2006	985	1362
2006	61	351
2006	384	259
2006	59	183
2006	51	265
2006	2151	368
2006	748	327
2006	152	558
2006	1281	253
2006	1249	244
2006	7081	785
2006	1131	2280
2006	978	423
2006	1083	1238
2006	854	522
2006	949	356
2006	233	701
2006	226	5093
2006	843	1327
2006	785	845
2006	707	323
2006	378	269
