2009	52	11690
2009	13978	535
2009	8322	650
2009	6658	731
2009	1111	1062
2009	18721	108
2009	18716	133
2009	18715	139
2009	18714	163
2009	18713	171
2009	18710	192
2009	18707	256
2009	18706	679
2009	17956	123
2009	17294	150
2009	13816	102
2009	8232	110
2009	7060	95
2009	6046	770
2009	6004	107
2009	5191	219
2009	4853	115
2009	4852	100
2009	4122	89
2009	3352	109
2009	3132	188
2009	2811	269
2009	1835	446
2009	748	72
2009	407	193
2009	138	104
2009	18303	487
2009	3739	756
2009	3109	1884
2009	2346	1332
2009	1384	422
2009	1075	2131
2009	867	1441
2009	859	992
2009	851	546
2009	755	709
2009	620	762
2009	533	1304
2009	441	469
2009	436	14690
2009	237	481
2009	234	735
2009	203	1572
2009	198	412
2009	197	1928
2009	173	5190
2009	18692	34
2009	18691	37
2009	18682	62
2009	1109	241
2009	18663	1186
2009	18661	1332
2009	18659	2008
2009	14043	1424
2009	12686	1782
2009	5651	1609
2009	5266	1197
2009	5032	4786
2009	3584	1216
2009	2439	1433
2009	2436	1245
2009	1462	1469
2009	1459	26090
2009	1447	4283
2009	464	1528
2009	461	1217
2009	364	3417
2009	356	2061
2009	344	3902
2009	300	1528
2009	291	1159
2009	89	951
2009	18632	827
2009	1534	424
2009	1231	356
2009	89	12
2009	18615	4
2009	18611	503
2009	18599	81
2009	4064	258
2009	2614	470
2009	1424	2181
2009	1412	409
2009	733	174
2009	430	952
2009	234	353
2009	13351	6628
2009	1763	166
2009	542	498
2009	18557	94
2009	18556	110
2009	13743	236
2009	11219	51
2009	11084	64
2009	7846	54
2009	5249	55
2009	4697	76
2009	3503	54
2009	3498	99
2009	2396	80
2009	2395	131
2009	2391	254
2009	2390	854
2009	2064	101
2009	2023	105
2009	1475	127
2009	1430	56
2009	913	65
2009	795	171
2009	792	324663
2009	788	256
2009	525	286
2009	329	295
2009	320	83
2009	310	861
2009	301	135
2009	295	1212
2009	294	296
2009	292	2441
2009	289	540
2009	161	154
2009	67	1325
2009	18551	336
2009	6298	347
2009	2785	142
2009	1045	313
2009	378	303
2009	316	165
2009	190	127
2009	97	116
2009	18548	1200
2009	676	799
2009	18545	102
2009	18542	130
2009	15054	96
2009	8462	122
2009	4170	202
2009	1541	114
2009	18518	368
2009	9637	122
2009	5610	314
2009	4156	508
2009	1704	717
2009	1339	211
2009	1249	100
2009	6429	20
2009	386	1189
2009	349	37
2009	326	12
2009	317	46
2009	314	23
2009	295	348
2009	289	21
2009	288	995
2009	257	12
2009	161	24
2009	89	26
2009	18448	187
2009	18447	195
2009	18444	298
2009	18442	820
2009	16206	638
2009	9144	583
2009	5670	236
2009	5079	567
2009	3454	242
2009	1914	373
2009	1810	343
2009	1083	264
2009	1001	267
2009	1000	740
2009	875	1074
2009	504	621
2009	487	2784
2009	463	863
2009	300	386
2009	51	1716
2009	18	655
2009	16	221
2009	2963	256
2009	930	6619
2009	503	1352
2009	18434	3518
2009	18424	72
2009	1104	11504
2009	233	870
2009	190	1109
2009	6249	360
2009	2346	299
2009	930	937
2009	707	1503
2009	614	1368
2009	533	2314
2009	1246	281
2009	511	3826
2009	403	3832
2009	344	1975
2009	715	843
2009	171	547
2009	1601	317
2009	257	821
2009	67	2536
2009	3397	1693
2009	289	128654
2009	18333	86
2009	18332	89
2009	18331	97
2009	18330	99
2009	18329	102
2009	18328	144
2009	18327	224
2009	17981	292
2009	14245	101
2009	13503	94
2009	13498	501
2009	11020	97
2009	10613	116
2009	7456	85
2009	6756	103
2009	4931	167
2009	4232	106
2009	3132	152
2009	2605	180
2009	2331	207
2009	2298	219
2009	1795	106
2009	1790	250
2009	1747	178
2009	1736	206
2009	697	272
2009	632	294
2009	444	103
2009	418	219
2009	238	272
2009	73	132
2009	71	157
2009	64	200
2009	18320	315
2009	18314	172
2009	6600	257
2009	4773	296
2009	1047	376
2009	1043	155
2009	471	163
2009	324	148
2009	293	226
2009	1131	2277
2009	864	720
2009	4116	42
2009	1151	45
2009	1001	3
2009	6006	3224
2009	2080	797
2009	1470	17283
2009	726	209
2009	486	3763
2009	377	2254
2009	333	3437
2009	191	1901
2009	18270	717
2009	2020	540
2009	1450	539
2009	915	626
2009	907	609
2009	691	755
2009	686	1336
2009	681	629
2009	528	638
2009	523	786
2009	466	2448
2009	461	1411
2009	386	537
2009	325	571
2009	306	714
2009	296	919
2009	292	1056
2009	290	610
2009	289	2543
2009	89	2842
2009	55	1269
2009	2351	94
2009	295	657
2009	198	118
2009	18269	594
2009	18268	893
2009	18267	986
2009	18266	1163
2009	18265	1297
2009	18264	1689
2009	16709	806
2009	14185	16702
2009	12957	648
2009	9724	754
2009	9195	1423
2009	9187	3597
2009	8729	1011
2009	8724	700
2009	8592	1166
2009	8264	2789
2009	8244	1402
2009	8047	4382
2009	7252	628
2009	4750	1939
2009	4487	1048
2009	4380	1666
2009	4177	3891
2009	3078	2688
2009	1852	1047
2009	1768	1726
2009	1725	2232
2009	1553	954
2009	1470	1221
2009	1383	3543
2009	1243	702
2009	991	1753
2009	899	1950
2009	683	6308
2009	542	1009
2009	499	1017
2009	498	2235
2009	333	1055
2009	228	772
2009	65	1155
2009	9766	62
2009	18254	27
2009	18251	29
2009	18250	30
2009	18249	32
2009	18248	34
2009	18245	35
2009	18244	36
2009	18242	36
2009	18241	37
2009	18238	40
2009	18237	40
2009	18236	41
2009	18235	42
2009	18233	56
2009	18230	213
2009	18229	570
2009	16324	31
2009	15671	77
2009	15058	35
2009	7810	33
2009	4401	38
2009	4316	45
2009	2711	49
2009	1781	37
2009	1098	139
2009	58	43
2009	2381	680
2009	221	2832
2009	1714	717
2009	226	1523
2009	3445	1539
2009	383	2241
2009	18195	407
2009	18194	436
2009	15037	331
2009	13651	878
2009	12330	105
2009	2667	2262
2009	1745	328
2009	1376	111
2009	18127	3307
2009	2919	25763
2009	1444	50559
2009	545	18728
2009	18088	12
2009	18087	12
2009	18085	15
2009	18082	18
2009	18081	19
2009	18080	23
2009	17898	17
2009	17744	35
2009	15345	11
2009	14221	21
2009	12548	24
2009	9319	28
2009	8965	10
2009	8676	17
2009	3057	36
2009	2407	63
2009	2264	14
2009	1632	40
2009	898	32
2009	446	19
2009	425	21
2009	16501	23
2009	2915	31
2009	1967	46
2009	1959	39
2009	1952	19
2009	18059	78
2009	18056	94
2009	18052	106
2009	18051	109
2009	18048	116
2009	18047	117
2009	18045	121
2009	18044	122
2009	18041	140
2009	18039	173
2009	18038	184
2009	18037	192
2009	18035	282
2009	18033	340
2009	18032	357
2009	18030	497
2009	18029	648
2009	18028	932
2009	15679	1722
2009	15675	278
2009	15667	126
2009	9353	134
2009	6755	163
2009	6250	103
2009	1800	174
2009	73	105
2009	9157	311
2009	790	2385
2009	1358	815
2009	932	1224
2009	701	172496
2009	16595	236
2009	14560	238
2009	5604	261
2009	7122	2749
2009	17986	356
2009	17979	519
2009	17973	322
2009	17972	358
2009	3520	578
2009	1969	456
2009	1967	401
2009	15119	273
2009	11084	223
2009	2459	208
2009	2086	487
2009	1406	197
2009	1044	248
2009	424	242
2009	396	290
2009	198	251
2009	173	224
2009	88	189
2009	67	252
2009	56	876
2009	1505	1362
2009	1300	1045
2009	1104	1320
2009	1001	1148
2009	903	1040
2009	701	1798
2009	641	1418
2009	299	1092
2009	291	1290
2009	180	2730
2009	89	1491
2009	67	3332
2009	17955	125
2009	1222	698
2009	964	285
2009	17929	282
2009	17926	586
2009	11758	603
2009	10552	302
2009	2906	788
2009	1959	371
2009	1640	494
2009	1636	461
2009	475	590
2009	267	1921
2009	249	407
2009	922	117
2009	856	180
2009	614	1243
2009	17915	416
2009	4566	460
2009	707	592
2009	686	240
2009	601	215
2009	349	232
2009	257	473
2009	239	363
2009	67	396
2009	1090	3425
2009	424	4549
2009	1694	1130
2009	1459	1735
2009	1121	1363
2009	892	724
2009	349	210
2009	344	10590
2009	323	2987
2009	302	279
2009	298	431
2009	296	388
2009	295	1186
2009	294	1431
2009	292	390
2009	291	2403
2009	289	2168
2009	288	582
2009	265	466
2009	89	3021
2009	67	532
2009	17904	337
2009	17900	619
2009	10615	306
2009	2271	286
2009	17899	2505
2009	686	2125
2009	307	2374
2009	210	41
2009	17851	278
2009	17849	412
2009	17846	1135
2009	15994	581
2009	10955	247
2009	6773	246
2009	5305	456
2009	4802	502
2009	4217	355
2009	4199	235
2009	4184	697
2009	3258	278
2009	298	242
2009	4618	319
2009	3109	316
2009	1376	720
2009	1239	1522
2009	1131	295
2009	1118	2022
2009	1104	866
2009	1075	327
2009	969	438
2009	748	269
2009	703	1369
2009	488	1277
2009	210	146
2009	88	228
2009	2379	4187
2009	17786	509
2009	13468	2347
2009	6534	145
2009	3370	162
2009	1672	289
2009	1502	381
2009	3747	497
2009	439	5596
2009	227	108
2009	2959	2289
2009	1803	356
2009	779	2176
2009	498	3153
2009	17700	103
2009	17667	680
2009	17665	738
2009	17659	1338
2009	17655	2172
2009	17653	4799
2009	15290	358
2009	12801	1362
2009	8396	1740
2009	6994	715
2009	390	513
2009	4173	144
2009	1185	123
2009	768	127
2009	758	168
2009	486	147
2009	9343	633
2009	1048	272
2009	969	47
2009	17613	80
2009	17570	306
2009	17569	316
2009	17568	316
2009	17567	320
2009	17566	336
2009	17565	677
2009	17564	792
2009	17563	853
2009	17562	1407
2009	15027	1005
2009	13621	423
2009	11667	352
2009	11124	297
2009	10847	1321
2009	9825	345
2009	9824	420
2009	8837	296
2009	8111	301
2009	7266	571
2009	4196	443
2009	4073	826
2009	2894	471
2009	2871	762
2009	2864	472
2009	2842	497
2009	2633	381
2009	2629	551
2009	1639	308
2009	1425	470
2009	1239	426
2009	734	680
2009	728	1064
2009	715	688
2009	562	961
2009	511	353
2009	250	546
2009	227	488
2009	197	566
2009	17539	343
2009	17538	482
2009	17536	955
2009	17535	1415
2009	8710	1280
2009	8707	894
2009	5544	548
2009	3057	893
2009	1510	2613
2009	863	1349
2009	526	418
2009	227	787
2009	3739	2079
2009	455	577
2009	17529	153
2009	17527	159
2009	17525	163
2009	17524	164
2009	17523	170
2009	17520	177
2009	17519	184
2009	17513	207
2009	17510	237
2009	17508	325
2009	15083	173
2009	6585	161
2009	2673	192
2009	1156	313
2009	748	158
2009	95	196
2009	17507	69
2009	97	2799
2009	4495	127
2009	1083	694
2009	159	286
2009	10016	5090
2009	9567	1193
2009	909	7420
2009	544	917
2009	302	11318
2009	317	184
2009	291	580
2009	16138	345
2009	8794	302
2009	6362	219
2009	5172	347
2009	4784	304
2009	4675	925
2009	4251	439
2009	4180	508
2009	3888	1453
2009	3774	4967
2009	3481	230
2009	2787	1116
2009	2343	259
2009	2265	694
2009	1413	256
2009	1412	12759
2009	1372	4371
2009	607	2015
2009	599	581
2009	562	2030
2009	227	1313
2009	163	3092
2009	17405	121
2009	17401	324
2009	14391	195
2009	13935	2294
2009	8695	389
2009	7902	268
2009	7802	105
2009	4613	752
2009	2006	1392
2009	2003	868
2009	1726	2368
2009	1119	441
2009	944	358
2009	6155	1028
2009	17371	83
2009	17370	84
2009	17368	87
2009	17363	111
2009	17361	114
2009	17360	117
2009	17357	124
2009	17341	288
2009	17340	316
2009	17339	326
2009	17338	386
2009	17337	429
2009	17336	538
2009	17335	570
2009	17333	895
2009	2059	210
2009	1238	169
2009	17329	237
2009	17326	557
2009	11760	321
2009	5423	274
2009	3940	1060
2009	3627	1410
2009	3238	317
2009	2624	222
2009	1980	271
2009	1873	220
2009	1622	239
2009	1413	284
2009	1412	412
2009	1186	410
2009	1131	1355
2009	1119	1020
2009	1118	559
2009	959	1218
2009	707	1697
2009	614	961
2009	512	310
2009	440	266
2009	250	226
2009	238	309
2009	233	311
2009	230	1064
2009	227	749
2009	226	289
2009	220	806
2009	198	649
2009	188	256
2009	163	484
2009	154	257
2009	17305	351
2009	4205	308
2009	3714	450
2009	3258	278
2009	1983	266
2009	757	439
2009	697	346
2009	615	1511
2009	599	341
2009	423	433
2009	222	302
2009	217	877
2009	154	1287
2009	65	715
2009	17294	472
2009	10561	342
2009	6151	214
2009	5191	241
2009	3132	512
2009	2921	176
2009	1950	198
2009	1943	372
2009	540	8398
2009	3503	382
2009	789	433
2009	917	4563
2009	706	674
2009	163	1062
2009	17233	231
2009	17232	237
2009	17229	344
2009	17227	613
2009	17225	2098
2009	7463	262
2009	1704	545
2009	1099	1087
2009	233	1131
2009	17191	178
2009	9445	224
2009	3809	244
2009	1264	181
2009	17153	142
2009	2838	221
2009	1343	108
2009	843	169
2009	732	160
2009	176	131
2009	440	270
2009	17083	539
2009	5249	745
2009	2044	9974
2009	1432	849
2009	701	193
2009	17078	295
2009	17077	306
2009	8718	817
2009	3570	805
2009	3288	754
2009	2523	486
2009	2022	357
2009	1464	467
2009	1047	352
2009	1001	338
2009	911	958
2009	906	6512
2009	886	517
2009	679	500
2009	674	582
2009	530	408
2009	352	612
2009	323	734
2009	296	1111
2009	295	292
2009	289	1106
2009	265	666
2009	89	2503
2009	67	721
2009	55	760
2009	5210	287
2009	2265	621
2009	959	314
2009	945	495
2009	733	484
2009	691	445
2009	679	2425
2009	475	320
2009	461	2359
2009	321	740
2009	227	8891
2009	212	300
2009	17008	679
2009	4031	344
2009	1518	287
2009	959	5278
2009	724	259
2009	689	580
2009	386	218
2009	157	146
2009	51	2303
2009	5662	1089
2009	1147	622
2009	285	1279
2009	3057	4301
2009	1424	2262
2009	1400	2462
2009	1390	1258
2009	1244	944
2009	1098	2935
2009	1048	1033
2009	903	44472
2009	709	1918
2009	437	1188
2009	425	1431
2009	423	1162
2009	234	947
2009	229	1574
2009	227	7718
2009	207	1667
2009	196	1141
2009	190	1483
2009	182	1822
2009	154	1968
2009	65	2546
2009	2544	6779
2009	1145	1060
2009	1044	4349
2009	932	1918
2009	903	4834
2009	234	1018
2009	207	2977
2009	16890	292
2009	12027	140
2009	528	1606
2009	289	4377
2009	16857	129
2009	429	8
2009	16840	414
2009	1874	205
2009	1041	228
2009	924	1230
2009	481	241
2009	383	1100
2009	230	5246
2009	8027	298
2009	16778	1211
2009	2691	36
2009	1246	6936
2009	16713	39
2009	16703	360
2009	16701	410
2009	9936	1607
2009	7776	193
2009	1200	168
2009	493	1508
2009	492	43
2009	1075	2464
2009	13123	474
2009	8815	492
2009	7056	288
2009	5844	232
2009	5660	245
2009	5416	1166
2009	3481	1186
2009	3475	215
2009	3470	306
2009	2864	287
2009	2855	1036
2009	2787	348
2009	2786	391
2009	2342	292
2009	1639	359
2009	1426	281
2009	1415	295
2009	1412	2596
2009	1372	862
2009	1369	1142
2009	959	720
2009	868	636
2009	735	319
2009	732	213
2009	728	344
2009	607	615
2009	585	273
2009	583	359
2009	580	502
2009	227	1602
2009	212	578
2009	176	421
2009	163	630
2009	16692	147
2009	802	811
2009	1412	1060
2009	498	678
2009	5421	30
2009	4611	31
2009	2521	97
2009	1274	28
2009	333	209
2009	302	94
2009	16647	133
2009	6678	481
2009	6400	149
2009	511	755
2009	193	155
2009	3397	1442
2009	908	405
2009	693	1096
2009	528	1126
2009	89	20265
2009	16639	112
2009	16634	169
2009	16629	232
2009	3788	119
2009	3456	166
2009	755	247
2009	407	779
2009	16604	74
2009	318	1
2009	310	1
2009	89	1
2009	1182	190
2009	540	1166
2009	536	118
2009	455	221
2009	360	154
2009	289	4850
2009	67	730
2009	424	46
2009	699	102
2009	292	7920
2009	16533	110
2009	16524	430
2009	8215	148
2009	5890	247
2009	1974	274
2009	993	487
2009	614	114
2009	233	1162
2009	198	409
2009	173	609
2009	85	106
2009	10508	393
2009	9821	809
2009	6621	411
2009	2923	335
2009	1613	531
2009	1119	462
2009	517	1548
2009	514	1332
2009	512	1381
2009	496	351
2009	16459	151
2009	766	173
2009	16442	153
2009	10738	131
2009	8589	1738
2009	8390	4463
2009	7324	721
2009	6930	738
2009	2101	3814
2009	2086	4346
2009	65	198
2009	58	611
2009	16430	143
2009	1339	210
2009	917	139
2009	518	794
2009	13430	208
2009	8464	136
2009	2840	249
2009	2608	413
2009	2051	199
2009	1195	318
2009	816	254
2009	16412	11
2009	2967	719
2009	1281	1070
2009	1196	2939
2009	1181	3333
2009	1044	1491
2009	498	1931
2009	209	580
2009	157	1603
2009	5615	331
2009	3320	2987
2009	2783	624
2009	1596	569
2009	1180	4593
2009	912	1579
2009	681	319
2009	537	740
2009	498	426
2009	493	925
2009	482	1988
2009	468	4682
2009	462	7137
2009	327	321
2009	321	268
2009	295	21648
2009	294	5721
2009	257	1916
2009	190	556
2009	16370	35
2009	16364	293
2009	1213	106
2009	1085	97
2009	1061	1390
2009	157	1790
2009	16330	52
2009	16328	53
2009	16323	66
2009	13953	89
2009	13595	94
2009	9143	103
2009	6151	51
2009	1175	58
2009	1130	50
2009	1123	78
2009	238	42
2009	57	44
2009	16234	205
2009	10672	134
2009	289	21382
2009	16207	1299
2009	13416	7917
2009	13371	1202
2009	10041	3279
2009	8659	3925
2009	7661	6859
2009	7325	2286
2009	3057	1207
2009	1164	2291
2009	1089	5086
2009	1075	3585
2009	569	2732
2009	289	931
2009	89	1157
2009	15675	134
2009	5237	1613
2009	3892	1950
2009	1416	439
2009	1414	1201
2009	227	3886
2009	72	262
2009	5844	96
2009	2786	76
2009	2339	33
2009	1369	32
2009	1249	76
2009	982	122
2009	868	101
2009	854	87
2009	735	193
2009	707	251
2009	436	41
2009	429	27
2009	234	413
2009	221	51
2009	16162	603
2009	16161	615
2009	16160	680
2009	16158	1148
2009	16156	2017
2009	14840	6506
2009	10247	590
2009	8390	2084
2009	7615	479
2009	5332	461
2009	2101	3261
2009	2094	1467
2009	80	1203
2009	56	1416
2009	11460	420
2009	1755	494
2009	1517	422
2009	1376	465
2009	562	1385
2009	438	518
2009	228	1416
2009	227	1950
2009	207	1029
2009	3754	1922
2009	16127	145
2009	13318	84
2009	11667	157
2009	7123	76
2009	4734	255
2009	3861	101
2009	1835	253
2009	1783	213
2009	613	381
2009	610	561
2009	609	303
2009	599	263
2009	220	252
2009	215	163
2009	163	154
2009	159	153
2009	154	441
2009	81	53
2009	52	93
2009	2976	465
2009	2252	446
2009	378	161
2009	157	479
2009	16061	236
2009	9737	1440
2009	8589	428
2009	4704	835
2009	3198	237
2009	3057	409
2009	1243	309
2009	980	464
2009	906	264
2009	689	605
2009	546	614
2009	535	231
2009	532	626
2009	526	415
2009	430	855
2009	300	719
2009	298	797
2009	289	796
2009	89	1204
2009	67	594
2009	58	479
2009	55	1079
2009	16055	295
2009	12000	200
2009	4064	244
2009	3700	537
2009	3697	175
2009	3068	215
2009	2533	223
2009	749	209
2009	703	233
2009	608	362
2009	88	327
2009	288	36970
2009	1047	6788
2009	455	27287
2009	16014	210
2009	15569	268
2009	13180	168
2009	11938	458
2009	10870	190
2009	10430	577
2009	9636	1236
2009	7078	1290
2009	6439	182
2009	6008	142
2009	4609	278
2009	4502	615
2009	3367	373
2009	3087	805
2009	1303	277
2009	1298	316
2009	1091	121
2009	1090	178
2009	1075	422
2009	768	728
2009	504	198
2009	486	451
2009	377	227
2009	190	828
2009	173	272
2009	18	830
2009	15991	186
2009	14435	156
2009	13167	106
2009	10105	237
2009	8678	184
2009	7324	127
2009	6374	131
2009	5913	119
2009	5879	149
2009	3886	462
2009	3280	105
2009	2821	225
2009	1976	162
2009	1504	184
2009	1167	168
2009	1164	173
2009	1098	118
2009	1097	150
2009	1075	447
2009	875	146
2009	868	889
2009	863	137
2009	441	969
2009	428	105
2009	420	604
2009	238	160
2009	231	177
2009	228	168
2009	212	157
2009	208	114
2009	206	323
2009	197	398
2009	196	249
2009	173	244
2009	154	201
2009	81	234
2009	72	4540
2009	15974	612
2009	15973	40
2009	15967	81
2009	15965	212
2009	7261	41
2009	7047	42
2009	2644	77
2009	2339	75
2009	2338	56
2009	1226	42
2009	1104	111
2009	707	150
2009	378	56
2009	64	71
2009	15947	46
2009	4609	29
2009	1798	13
2009	154	11
2009	7252	205
2009	5427	210
2009	4177	600
2009	2839	243
2009	2666	111
2009	2661	362
2009	1855	158
2009	1659	2164
2009	1389	152
2009	1201	117
2009	1180	703
2009	924	255
2009	693	129
2009	687	236
2009	499	776
2009	498	227829
2009	486	146
2009	377	160
2009	371	609
2009	300	114
2009	198	386
2009	2022	1371
2009	15923	164
2009	15920	500
2009	15919	580
2009	10997	172
2009	3488	320
2009	2226	242
2009	2222	745
2009	1620	646
2009	1613	285
2009	617	593
2009	576	899
2009	331	856
2009	301	234
2009	278	780
2009	267	275
2009	260	248
2009	257	794
2009	249	244
2009	69	838
2009	67	168
2009	3730	138
2009	3461	145
2009	2277	222
2009	1632	376
2009	1502	159
2009	1492	161
2009	1400	201
2009	683	628
2009	681	2196
2009	546	173
2009	542	155
2009	498	1349
2009	464	355
2009	420	211
2009	333	611
2009	316	322
2009	298	214
2009	293	251
2009	229	158
2009	227	232
2009	207	366
2009	5137	481
2009	8231	226
2009	1167	170
2009	1072	856
2009	72	3315
2009	3712	250
2009	1406	252
2009	349	181
2009	10572	753
2009	6824	938
2009	4194	1072
2009	4188	2239
2009	863	1368
2009	15835	508
2009	15832	621
2009	5746	151
2009	461	1580
2009	3126	392
2009	15813	132
2009	51	21572
2009	15801	114
2009	15799	122
2009	15798	123
2009	15797	125
2009	15796	127
2009	15793	158
2009	15791	178
2009	15783	440
2009	15782	449
2009	15780	841
2009	15778	3621
2009	14744	307
2009	2824	1982
2009	2149	155
2009	1072	10947
2009	1009	207
2009	75	142
2009	72	352698
2009	56	107
2009	3774	3020
2009	3470	1329
2009	2440	516
2009	2343	631
2009	2265	771
2009	2023	374
2009	1866	372
2009	1686	577
2009	1372	1565
2009	1358	1656
2009	917	422
2009	536	1165
2009	462	545
2009	380	1702
2009	227	3594
2009	192	3084
2009	163	5681
2009	155	980
2009	1424	1581
2009	154	2798
2009	340	2273
2009	67	7947
2009	15728	141
2009	15726	159
2009	15723	174
2009	15720	178
2009	15717	235
2009	15714	296
2009	15713	347
2009	7079	331
2009	3257	224
2009	2610	365
2009	1643	1759
2009	604	831
2009	423	218
2009	64	378
2009	15707	203
2009	15700	765
2009	15699	891
2009	8853	1023
2009	4988	1918
2009	4880	361
2009	4126	16990
2009	3876	177
2009	2745	1349
2009	1854	631
2009	1705	1370
2009	1132	893
2009	1109	729
2009	978	181
2009	963	387
2009	592	712
2009	506	4262
2009	378	3006
2009	377	1186
2009	176	178
2009	163	5204
2009	157	345
2009	154	228
2009	65	207
2009	63	10156
2009	5169	952
2009	2006	5007
2009	1643	1143
2009	1119	1552
2009	1110	1161
2009	947	1443
2009	931	1001
2009	920	2149
2009	918	1224
2009	606	1428
2009	196	1290
2009	190	1070
2009	188	1748
2009	154	1040
2009	15640	152
2009	15638	322
2009	15637	402
2009	9825	186
2009	3216	122
2009	527	159
2009	504	9275
2009	188	2152
2009	45	1360
2009	11931	82
2009	9506	100
2009	6650	293
2009	1897	108
2009	1132	222
2009	15578	569
2009	290	394
2009	15531	298
2009	2018	407
2009	545	452
2009	257	1007
2009	2786	114
2009	2351	133
2009	2346	1972
2009	1639	425
2009	1412	2188
2009	1372	1502
2009	1369	1146
2009	1249	438
2009	959	715
2009	868	138
2009	735	1628
2009	733	432
2009	712	96
2009	709	477
2009	706	2135
2009	562	509
2009	554	169
2009	227	2034
2009	220	655
2009	163	602
2009	1895	348
2009	1412	470
2009	1249	241
2009	959	640
2009	717	116
2009	72	5234
2009	10969	409
2009	4793	507
2009	728	918
2009	441	776
2009	227	20712
2009	190	3469
2009	154	777
2009	1696	3488
2009	3481	1469
2009	1116	2883
2009	253	2801
2009	15441	71
2009	15432	203
2009	15430	270
2009	4262	424
2009	528	415
2009	455	2081
2009	89	1001
2009	8710	366
2009	7211	332
2009	6539	580
2009	3200	401
2009	1390	430
2009	439	782
2009	434	656
2009	233	566
2009	227	2388
2009	207	1755
2009	154	1110
2009	7656	695
2009	459	3305
2009	257	7000
2009	2044	3309
2009	15393	148
2009	15386	432
2009	4095	228
2009	15379	82
2009	15378	113
2009	12105	169
2009	3293	103
2009	1764	123
2009	1515	120
2009	1390	141
2009	1244	165
2009	718	282
2009	716	111
2009	618	191
2009	546	138
2009	533	787
2009	498	430
2009	437	223
2009	427	114
2009	425	102
2009	298	368
2009	229	692
2009	227	751
2009	220	79
2009	207	1263
2009	190	826
2009	173	83
2009	701	3649
2009	161	13322
2009	1090	624
2009	424	1142
2009	207	1222
2009	196	364
2009	4089	341
2009	15333	7
2009	13669	5
2009	3060	7
2009	1098	17
2009	3231	858
2009	67	2931
2009	1469	122
2009	15299	151
2009	15296	209
2009	11050	222
2009	5079	2639
2009	4155	209
2009	3184	191
2009	2478	171
2009	1463	146
2009	1300	487
2009	1179	189
2009	1133	168
2009	1109	181
2009	1104	349
2009	930	175
2009	903	353
2009	830	157
2009	500	358
2009	378	1169
2009	333	297
2009	289	530
2009	157	157
2009	89	349
2009	7	155
2009	15256	15
2009	15254	260
2009	15253	266
2009	15252	282
2009	15251	337
2009	15250	602
2009	4587	13
2009	1343	87
2009	946	4
2009	936	201
2009	928	44
2009	917	15
2009	731	31
2009	174	53
2009	227	64
2009	15220	627
2009	15218	7919
2009	5785	479
2009	1242	397
2009	537	2243
2009	471	636
2009	461	985
2009	333	3727
2009	230	1078
2009	209	1018
2009	190	1217
2009	1104	842
2009	15194	117
2009	10327	126
2009	7663	123
2009	2815	104
2009	2652	390
2009	2614	1097
2009	1988	1150
2009	1517	449
2009	1048	1488
2009	432	334
2009	419	1053
2009	371	205
2009	207	317
2009	190	3241
2009	1400	19619
2009	229	161
2009	4619	1182
2009	903	2321
2009	239	3736
2009	55	745
2009	15151	202
2009	2939	1039
2009	288	265
2009	8069	207
2009	3768	176
2009	2469	375
2009	1900	249
2009	1001	478
2009	993	325
2009	880	312
2009	862	257
2009	72	1251
2009	67	172
2009	63	657
2009	59	666
2009	4802	570
2009	542	1241
2009	498	4346
2009	6524	1036
2009	14980	1096
2009	12820	4988
2009	7533	5003
2009	4609	1491
2009	1884	362
2009	1150	1310
2009	1098	538
2009	599	1762
2009	14958	293
2009	2531	211
2009	1384	102
2009	1001	1813
2009	233	106
2009	72	8402
2009	59	487
2009	53	458
2009	14897	234
2009	7071	210
2009	6032	266
2009	3293	308
2009	2818	273
2009	2702	287
2009	2693	430
2009	2398	334
2009	1980	171
2009	1978	401
2009	1632	241
2009	1409	431
2009	1400	184
2009	1398	172
2009	1396	239
2009	1101	975
2009	1099	321
2009	1075	393
2009	1055	334
2009	757	4096
2009	525	328
2009	524	651
2009	432	520
2009	416	326
2009	289	233
2009	236	202
2009	225	333
2009	210	309
2009	207	213
2009	173	1291
2009	89	612
2009	65	187
2009	12780	1436
2009	9511	668
2009	2961	2218
2009	2379	3550
2009	1672	8364
2009	1540	1405
2009	1338	861
2009	811	2323
2009	808	1270
2009	377	928
2009	198	641
2009	5746	219
2009	498	4357
2009	265	303
2009	14871	38
2009	14847	28
2009	6196	29
2009	5030	87
2009	4616	59
2009	3646	30
2009	3461	29
2009	2666	24
2009	2531	80
2009	2176	30
2009	2133	27
2009	2128	21
2009	1534	57
2009	1515	31
2009	1239	18
2009	1116	63
2009	1107	31
2009	1090	84
2009	1089	84
2009	1083	266
2009	1048	76
2009	982	53
2009	969	86
2009	875	70
2009	856	19
2009	851	109
2009	716	19
2009	709	53
2009	493	32
2009	441	148
2009	432	23
2009	429	162
2009	424	54
2009	377	41
2009	329	21
2009	234	103
2009	230	80
2009	221	25
2009	220	39
2009	207	46
2009	203	267
2009	159	339
2009	88	18
2009	65	146
2009	14807	954
2009	14802	1828
2009	9888	1007
2009	9233	5444
2009	5440	1389
2009	2524	13459
2009	1988	4391
2009	1520	7157
2009	540	3251
2009	533	2233
2009	209	2032
2009	1381	343
2009	14787	1092
2009	1098	32942
2009	325	4262
2009	306	19705
2009	290	11531
2009	14736	63
2009	14735	90
2009	14734	232
2009	14368	96
2009	5947	151
2009	3338	182
2009	1678	336
2009	903	62
2009	691	54
2009	547	121
2009	321	51
2009	289	43647
2009	8589	527
2009	4487	650
2009	722	585
2009	701	999
2009	310	782
2009	302	598
2009	297	717
2009	291	1547
2009	14661	64
2009	11590	244
2009	4559	52
2009	3859	46
2009	3033	53
2009	2176	160
2009	1047	155
2009	966	60
2009	793	115
2009	687	209
2009	540	94
2009	525	108
2009	498	154
2009	481	268
2009	475	211
2009	471	65
2009	466	348
2009	461	41
2009	412	103
2009	403	47
2009	378	480
2009	377	277
2009	344	301
2009	333	901
2009	318	150
2009	306	40
2009	302	75
2009	300	417
2009	298	220
2009	294	84
2009	291	629
2009	289	160
2009	288	40
2009	230	43
2009	209	166
2009	155	43
2009	89	387
2009	14640	312
2009	14633	478
2009	187	20270
2009	6693	578
2009	6201	584
2009	5806	802
2009	5684	654
2009	5310	3598
2009	4574	1093
2009	3859	942
2009	3575	1258
2009	1057	587
2009	680	2027
2009	536	1922
2009	491	564
2009	488	687
2009	475	972
2009	466	791
2009	407	870
2009	377	1614
2009	349	1187
2009	344	949
2009	342	735
2009	318	1038
2009	314	566
2009	311	772
2009	310	870
2009	306	836
2009	295	802
2009	291	13357
2009	290	689
2009	289	5274
2009	89	1734
2009	67	729
2009	11794	2835
2009	1707	424
2009	1073	559
2009	1001	2677
2009	998	559
2009	877	572
2009	863	699
2009	722	294
2009	599	350
2009	253	232
2009	229	251
2009	153	1297
2009	95	308
2009	93	182
2009	75	2344
2009	72	2496
2009	51	332
2009	3670	102
2009	730	432
2009	475	265
2009	12596	325
2009	4558	845
2009	2803	392
2009	1906	1878
2009	393	328
2009	369	1991
2009	3032	1917
2009	2379	346
2009	814	327
2009	503	380
2009	14573	213
2009	14566	1579
2009	3393	284
2009	14548	63
2009	14546	111
2009	14542	1324
2009	2390	247
2009	461	117
2009	257	20987
2009	302	19898
2009	292	23859
2009	14533	437
2009	8140	1
2009	5072	1
2009	182	1
2009	72	1
2009	57	1
2009	2044	60845
2009	1760	2304
2009	1114	16734
2009	1019	1062
2009	14498	68
2009	13997	2485
2009	9307	1296
2009	3057	6195
2009	689	10366
2009	14473	339
2009	439	1559
2009	2645	274
2009	291	157
2009	2582	717
2009	540	670
2009	501	4390
2009	412	1825
2009	14450	419
2009	11754	210
2009	2449	287
2009	1410	258
2009	389	328
2009	198	230
2009	173	423
2009	4074	3277
2009	1854	522
2009	1116	206
2009	14392	385
2009	3693	695
2009	8109	718
2009	1958	639
2009	219	1737
2009	212	2126
2009	157	694
2009	14310	2138
2009	399	2092
2009	14296	312
2009	14285	598
2009	14284	664
2009	6873	686
2009	4308	338
2009	3183	1567
2009	11728	210
2009	11155	89
2009	6594	148
2009	1383	449
2009	1377	299
2009	486	162
2009	63	90
2009	14256	108
2009	14247	199
2009	6930	229
2009	11819	128
2009	3691	113
2009	3310	102
2009	423	80
2009	9156	345
2009	8371	130
2009	4439	270
2009	3464	255
2009	3427	494
2009	2352	175
2009	1914	358
2009	1672	429
2009	1470	349
2009	1377	191
2009	1246	185
2009	1244	204
2009	1185	292
2009	1181	139
2009	1180	233
2009	1145	96
2009	1044	160
2009	982	418
2009	966	406
2009	930	111
2009	540	227
2009	536	127
2009	533	261
2009	504	438
2009	500	232
2009	498	134
2009	486	357
2009	424	127
2009	412	147
2009	366	103
2009	342	178
2009	229	718
2009	220	485
2009	210	219
2009	207	343
2009	184	175
2009	182	159
2009	173	536
2009	159	185
2009	154	172
2009	14219	404
2009	9716	793
2009	1098	780
2009	203	336
2009	1512	584
2009	1075	709
2009	441	187
2009	429	173
2009	424	351
2009	227	668
2009	207	1376
2009	190	777
2009	182	212
2009	159	204
2009	65	554
2009	681	762
2009	344	1711
2009	7743	647
2009	540	292
2009	471	77
2009	229	79
2009	155	203
2009	14123	406
2009	12648	40
2009	11923	42
2009	4887	103
2009	2864	381
2009	2459	85
2009	986	79
2009	227	254
2009	5636	2836
2009	3737	1176
2009	3442	1201
2009	3354	1197
2009	2343	85
2009	808	4438
2009	707	278
2009	503	391
2009	383	3313
2009	14094	378
2009	12783	1100
2009	12662	273
2009	4268	255
2009	4170	431
2009	2654	245
2009	2579	335
2009	2370	970
2009	2014	364
2009	1992	512
2009	1672	545
2009	1521	406
2009	1264	821
2009	1131	242
2009	949	633
2009	920	234
2009	883	217
2009	841	327
2009	815	299
2009	506	2333
2009	370	1510
2009	188	536
2009	181	1955
2009	14058	144
2009	13999	1181
2009	13985	718
2009	13984	1436
2009	13983	2191
2009	13981	6303
2009	12992	282
2009	9045	2166
2009	8431	570
2009	6961	1289
2009	4460	361
2009	3470	286
2009	2966	344
2009	2471	459
2009	2265	1435
2009	1425	618
2009	1415	301
2009	1411	770
2009	1369	317
2009	1132	673
2009	712	494
2009	707	301
2009	163	31019
2009	5636	2192
2009	4188	1879
2009	498	82016
2009	3205	567
2009	526	364
2009	316	583
2009	163	491
2009	13954	79
2009	13951	115
2009	13947	4669
2009	11784	134
2009	2672	236
2009	2670	56
2009	1222	140
2009	744	1069
2009	603	916
2009	13945	746
2009	13942	424
2009	13886	327
2009	9920	448
2009	162	745
2009	11372	246
2009	4965	447
2009	47	367
2009	1378	544
2009	537	549
2009	501	1623
2009	498	1078
2009	209	244
2009	13847	694
2009	3788	1276
2009	1216	836
2009	528	1742
2009	464	627
2009	13831	122
2009	5000	183
2009	2444	142
2009	2029	106
2009	1242	115
2009	906	120
2009	734	310
2009	715	243
2009	461	292
2009	344	247
2009	333	244
2009	302	119
2009	289	229
2009	212	329
2009	157	279
2009	97	168
2009	89	267
2009	830	676
2009	371	485
2009	1937	310
2009	301	315
2009	287	208
2009	13756	20
2009	524	6330
2009	289	24283
2009	13733	223
2009	13732	1572
2009	1639	16
2009	13710	2
2009	6527	693
2009	1684	2998
2009	1459	5085
2009	1054	1198
2009	1043	1507
2009	701	685
2009	681	5346
2009	523	1227
2009	498	5366
2009	461	2349
2009	344	10586
2009	333	1134
2009	326	1143
2009	325	1711
2009	324	2592
2009	321	6094
2009	318	2176
2009	300	2719
2009	298	1095
2009	292	912
2009	288	903
2009	217	2283
2009	190	1082
2009	3109	2906
2009	1075	6045
2009	157	1398
2009	1075	1170
2009	3258	2991
2009	498	1508
2009	366	1537
2009	222	3704
2009	182	1943
2009	13610	519
2009	13609	597
2009	13608	797
2009	13607	1206
2009	11739	517
2009	10971	728
2009	8549	1123
2009	7266	1307
2009	5416	505
2009	4129	758
2009	3206	638
2009	3057	538
2009	2277	644
2009	1424	639
2009	1244	744
2009	1122	590
2009	1090	802
2009	969	886
2009	868	2821
2009	735	4299
2009	709	1004
2009	599	511
2009	562	8695
2009	437	899
2009	429	864
2009	423	549
2009	380	522
2009	228	1016
2009	227	7044
2009	207	1028
2009	190	835
2009	163	1867
2009	58	621
2009	13598	263
2009	13596	270
2009	13586	610
2009	13585	732
2009	6181	563
2009	13568	333
2009	13567	413
2009	4848	713
2009	4845	743
2009	4841	423
2009	4834	896
2009	4828	1167
2009	4821	541
2009	4468	747
2009	4164	396
2009	1672	404
2009	1545	785
2009	1406	1440
2009	1339	2561
2009	1046	715
2009	1045	891
2009	1041	519
2009	957	1142
2009	932	1322
2009	930	488
2009	924	2509
2009	857	531
2009	540	776
2009	501	745
2009	230	1545
2009	209	861
2009	188	676
2009	959	8943
2009	714	341
2009	1633	191
2009	13536	346
2009	1927	653
2009	6414	386
2009	962	1314
2009	72	5380
2009	59	1202
2009	55	598
2009	13508	271
2009	13498	1478
2009	4708	261
2009	2984	330
2009	2080	314
2009	1045	2218
2009	542	5479
2009	498	4362
2009	349	1129
2009	329	769
2009	306	644
2009	295	937
2009	292	678
2009	229	628
2009	161	334
2009	89	1595
2009	13456	216
2009	13455	217
2009	13452	255
2009	13451	264
2009	13450	346
2009	12243	240
2009	12083	421
2009	3505	311
2009	3444	210
2009	3289	385
2009	3230	290
2009	2493	431
2009	2362	291
2009	2222	209
2009	2013	236
2009	1881	252
2009	1427	398
2009	1412	312
2009	1372	294
2009	1369	405
2009	1203	408
2009	1119	460
2009	864	234
2009	764	219
2009	630	212
2009	607	490
2009	578	280
2009	245	392
2009	227	429
2009	212	216
2009	197	216
2009	163	278
2009	159	258
2009	157	245
2009	325	1778
2009	289	18779
2009	3341	421
2009	13413	120
2009	9467	144
2009	2637	122
2009	1527	97
2009	1239	257
2009	1116	154
2009	982	362
2009	977	70
2009	860	108
2009	854	358
2009	843	236
2009	715	165
2009	517	114
2009	512	160
2009	436	292
2009	159	270
2009	154	303
2009	13385	256
2009	13381	441
2009	13378	846
2009	2711	542
2009	1511	807
2009	1155	553
2009	329	411
2009	13363	181
2009	13361	247
2009	13359	257
2009	9742	216
2009	9656	260
2009	4880	1068
2009	3501	1842
2009	3367	1048
2009	2067	259
2009	1892	265
2009	1571	505
2009	1001	869
2009	544	1160
2009	289	712
2009	175	229
2009	155	243
2009	89	874
2009	77	430
2009	72	387
2009	13341	585
2009	5908	56
2009	1713	148
2009	1083	631
2009	599	598
2009	441	1125
2009	159	1654
2009	72	2793
2009	12352	174
2009	11193	173
2009	7119	167
2009	5521	843
2009	5497	181
2009	5175	293
2009	4600	431
2009	4126	263
2009	1372	394
2009	1249	248
2009	868	874
2009	706	160
2009	157	523
2009	13338	5
2009	13337	5
2009	13336	6
2009	13333	6
2009	13330	7
2009	13329	7
2009	13328	7
2009	13327	7
2009	13326	7
2009	13321	8
2009	13319	8
2009	13318	8
2009	13317	8
2009	13316	8
2009	13315	9
2009	13314	9
2009	13313	9
2009	13312	10
2009	13310	11
2009	13309	11
2009	13307	13
2009	13306	72
2009	11146	6
2009	6764	6
2009	6161	6
2009	3505	8
2009	1790	5
2009	1762	8
2009	1743	9
2009	219	9
2009	3173	4131
2009	13268	737
2009	7650	915
2009	7525	940
2009	5790	601
2009	1519	710
2009	1412	779
2009	1106	1039
2009	599	766
2009	235	572
2009	157	894
2009	69	753
2009	5000	701
2009	467	1413
2009	323	1625
2009	295	852
2009	289	1296
2009	257	821
2009	3616	7246
2009	190	3371
2009	13165	159
2009	13138	50
2009	13106	1116
2009	13089	473
2009	6852	254
2009	2531	524
2009	1156	321
2009	1079	328
2009	1019	314
2009	1001	1950
2009	993	543
2009	982	296
2009	959	288
2009	627	1509
2009	599	1340
2009	511	1151
2009	429	408
2009	193	368
2009	187	301
2009	159	1299
2009	77	540
2009	72	2472
2009	70	1083
2009	51	3261
2009	9344	1404
2009	1412	740
2009	1397	125
2009	13009	1163
2009	9011	414
2009	7743	489
2009	4038	457
2009	2715	305
2009	2587	729
2009	1396	1391
2009	1155	543
2009	689	253
2009	432	1233
2009	425	324
2009	84	608
2009	12996	273
2009	12979	1588
2009	8988	213
2009	6759	625
2009	4024	379
2009	2174	656
2009	1176	398
2009	769	1376
2009	632	2314
2009	601	267
2009	512	1487
2009	418	2081
2009	154	1681
2009	546	291
2009	220	814
2009	12960	420
2009	12958	1034
2009	5746	372
2009	4828	529
2009	366	1241
2009	12957	194
2009	12956	208
2009	12950	348
2009	12948	476
2009	12947	478
2009	12946	494
2009	12034	645
2009	12027	232
2009	11796	656
2009	11217	1232
2009	9400	643
2009	9187	810
2009	8732	178
2009	8728	296
2009	8724	183
2009	7756	643
2009	7754	313
2009	4170	479
2009	3928	529
2009	3092	452
2009	1867	525
2009	1855	795
2009	1852	272
2009	1470	311
2009	1073	1338
2009	1001	4657
2009	72	2091
2009	59	3287
2009	12928	353
2009	4332	187
2009	2047	205
2009	2044	258
2009	1729	234
2009	12926	67
2009	5249	138
2009	2390	693
2009	641	171
2009	1048	828
2009	546	285
2009	498	3899
2009	403	580
2009	12878	38
2009	12808	430
2009	12803	501
2009	12801	566
2009	12800	572
2009	12798	764
2009	12797	766
2009	12796	1881
2009	10582	838
2009	8407	1862
2009	5082	777
2009	2096	357
2009	89	1342
2009	4550	346
2009	2062	558
2009	504	1714
2009	1660	1069
2009	12690	602
2009	11769	801
2009	5266	1655
2009	4543	1938
2009	3178	1206
2009	1459	7499
2009	906	553
2009	291	1497
2009	1705	75
2009	1073	89
2009	86	69
2009	458	4452
2009	329	1533
2009	289	15773
2009	12547	1253
2009	6539	91
2009	498	302
2009	378	120
2009	190	212
2009	7655	3598
2009	6456	130
2009	5926	565
2009	5781	304
2009	3369	710
2009	2839	91
2009	2435	122
2009	1590	322
2009	1052	843
2009	693	151
2009	680	864
2009	546	76
2009	534	336
2009	498	4692
2009	466	407
2009	344	1407
2009	333	2595
2009	307	410
2009	300	971
2009	298	1871
2009	293	354
2009	292	816
2009	289	9502
2009	288	1031
2009	190	157
2009	89	1681
2009	12526	86
2009	12519	151
2009	12504	145
2009	3198	21621
2009	3125	854
2009	528	1317
2009	518	2978
2009	293	6558
2009	12493	314
2009	4225	1163
2009	758	2776
2009	190	11403
2009	533	896
2009	498	3510
2009	6463	465
2009	5208	233
2009	2150	407
2009	4670	1436
2009	920	4205
2009	12375	53
2009	12363	88
2009	12362	97
2009	12358	373
2009	10556	60
2009	9458	237
2009	3534	136
2009	1943	62
2009	12349	39
2009	12348	66
2009	12347	139
2009	10462	38
2009	7759	53
2009	1704	182
2009	1116	61
2009	362	31
2009	359	85
2009	357	26
2009	333	28
2009	1409	628
2009	980	281
2009	328	114
2009	12340	433
2009	12335	710
2009	11019	388
2009	12309	710
2009	7727	673
2009	1375	749
2009	511	320725
2009	221	443
2009	3490	2300
2009	3324	6551
2009	2102	1095
2009	2101	2268
2009	2086	2617
2009	1922	1068
2009	1383	3200
2009	1052	998
2009	374	9311
2009	12231	24
2009	4823	646
2009	4346	435
2009	2847	1287
2009	1246	737
2009	1200	2844
2009	1185	401
2009	1180	1066
2009	1045	5389
2009	1041	10673
2009	816	2882
2009	498	3824
2009	481	1414
2009	470	1158
2009	412	1254
2009	333	1544
2009	230	1311
2009	1428	8014
2009	5926	1260
2009	4384	850
2009	3455	1050
2009	1863	4871
2009	851	854
2009	4984	105
2009	1001	979
2009	292	19165
2009	292	20436
2009	289	31600
2009	1406	4339
2009	709	122
2009	614	132
2009	2309	7472
2009	12060	181
2009	12056	240
2009	12051	978
2009	8126	249
2009	7260	214
2009	2894	294
2009	966	502
2009	917	339
2009	583	292
2009	12046	481
2009	12045	516
2009	6336	674
2009	6321	454
2009	6046	2282
2009	3707	2822
2009	3258	494
2009	2574	726
2009	1943	801
2009	769	985
2009	429	428
2009	220	529
2009	3377	215
2009	1045	132
2009	321	239
2009	288	353
2009	12021	1759
2009	4828	2504
2009	11998	42
2009	10524	35
2009	1534	28
2009	1504	84
2009	441	455
2009	439	18
2009	429	52
2009	425	38
2009	190	58
2009	173	252
2009	11980	157
2009	1338	650
2009	928	77
2009	461	92
2009	3090	405
2009	11931	204
2009	9255	155
2009	8555	238
2009	2936	329
2009	1897	778
2009	1892	237
2009	1885	181
2009	1883	159
2009	1810	168
2009	1079	495
2009	1062	186
2009	1013	632
2009	1005	149
2009	1004	489
2009	999	381
2009	995	257
2009	994	164
2009	993	242
2009	877	310
2009	193	318
2009	187	277
2009	100	284
2009	91	293
2009	82	192
2009	72	315
2009	68	190
2009	51	461
2009	475	14651
2009	11881	187
2009	8110	220
2009	2861	148
2009	2842	362
2009	562	61
2009	5666	481
2009	5041	524
2009	239	1101
2009	11838	709
2009	11837	947
2009	6490	377
2009	2961	266
2009	1797	649
2009	1513	219
2009	1463	222
2009	1206	806
2009	959	311
2009	949	356
2009	857	418
2009	843	1327
2009	378	269
2009	89	1080
2009	23	477
2009	198	3969
2009	289	15339
2009	67	4252
2009	1426	295
2009	436	306
2009	228	574
2009	1180	669
2009	1035	517
2009	687	241
2009	500	577
2009	498	2571
2009	403	250
2009	377	740
2009	333	1134
2009	3221	299
2009	349	211
2009	11803	143
2009	189	16
2009	11792	55
2009	8459	1418
2009	6764	160
2009	3417	1279
2009	441	128
2009	11778	53
2009	11776	66
2009	11773	72
2009	11769	152
2009	11768	189
2009	8364	49
2009	4543	45
2009	4542	159
2009	3609	56
2009	3593	53
2009	3306	92
2009	2455	165
2009	2445	75
2009	2442	124
2009	1489	124
2009	1459	48
2009	1244	126
2009	718	47
2009	455	56
2009	360	64
2009	356	91
2009	161	60
2009	157	69
2009	11749	1
2009	11747	1
2009	11745	1
2009	11741	2
2009	11740	5
2009	11733	32
2009	6687	16
2009	5412	2
2009	2289	1
2009	1947	2
2009	197	4
2009	11730	208
2009	6714	248
2009	5000	3305
2009	3576	326
2009	3313	233
2009	959	605
2009	511	313
2009	289	250
2009	159	384
2009	157	399
2009	77	196
2009	67	571
2009	55	212
2009	291	21086
2009	3901	186
2009	2574	143
2009	755	263
2009	11682	69
2009	11676	78
2009	11675	83
2009	11674	84
2009	11671	88
2009	11668	92
2009	11666	94
2009	11664	94
2009	11663	95
2009	11660	107
2009	11659	111
2009	11657	114
2009	11656	121
2009	11655	123
2009	11654	124
2009	11653	130
2009	11651	137
2009	11650	141
2009	11649	145
2009	11646	168
2009	11645	208
2009	8837	88
2009	4253	71
2009	3004	151
2009	2292	82
2009	625	139
2009	613	119
2009	10415	150
2009	6756	388
2009	1553	882
2009	418	1149
2009	1451	9839
2009	6777	473
2009	3992	707
2009	1052	351
2009	972	1389
2009	913	1008
2009	907	1553
2009	903	315
2009	727	2507
2009	714	1850
2009	701	4647
2009	542	1523
2009	538	541
2009	534	1674
2009	525	2378
2009	498	498
2009	484	366
2009	378	2521
2009	377	569
2009	360	535
2009	349	2439
2009	333	1094
2009	329	3097
2009	325	596
2009	320	850
2009	316	2082
2009	314	1013
2009	310	8546
2009	306	1175
2009	302	3244
2009	300	1379
2009	299	1925
2009	295	6228
2009	292	23174
2009	291	984
2009	288	6461
2009	285	1703
2009	283	830
2009	265	365
2009	157	23561
2009	89	12693
2009	67	39865
2009	377	2374
2009	331	3048
2009	89	19919
2009	11556	128
2009	11549	212
2009	6463	493
2009	4387	125
2009	3673	199
2009	1723	439
2009	1390	122
2009	1159	173
2009	433	226
2009	210	147
2009	11517	576
2009	9144	348
2009	6257	340
2009	5421	398
2009	3475	362
2009	2369	346
2009	1976	549
2009	544	307
2009	230	281
2009	89	181
2009	715	900
2009	227	263
2009	220	1214
2009	567	45
2009	7382	320
2009	418	474
2009	163	586
2009	930	3258
2009	542	250
2009	256	568
2009	1242	451
2009	703	262
2009	432	404
2009	226	331
2009	816	370
2009	1632	239
2009	679	291
2009	349	1026
2009	191	308
2009	461	346
2009	325	691
2009	289	8806
2009	89	696
2009	9799	215
2009	4264	75
2009	4259	252
2009	1197	230
2009	11339	566
2009	4932	555
2009	4348	5700
2009	1062	273
2009	1001	1385
2009	535	375
2009	72	2096
2009	30	167
2009	3373	137
2009	3200	468
2009	2121	267
2009	1517	114
2009	1502	157
2009	1047	149
2009	629	112
2009	546	331
2009	498	162
2009	403	103
2009	227	717
2009	207	74
2009	89	428
2009	9465	120
2009	8386	118
2009	5164	368
2009	5155	632
2009	5008	239
2009	4460	161
2009	3471	325
2009	2973	424
2009	2838	336
2009	2787	406
2009	2343	864
2009	1810	1772
2009	1809	144
2009	1416	213
2009	1366	238
2009	922	335
2009	918	317
2009	917	3513
2009	732	836
2009	227	1091
2009	176	307
2009	25	411
2009	11284	169
2009	10515	325
2009	6570	309
2009	6295	130
2009	2524	214
2009	816	1020
2009	687	144559
2009	11252	1
2009	4467	1
2009	2018	1
2009	1451	1
2009	360	1
2009	323	2
2009	11228	370
2009	11227	395
2009	6249	630
2009	5666	433
2009	5100	923
2009	3545	1125
2009	3093	472
2009	2940	1044
2009	2352	515
2009	2062	638
2009	1868	1603
2009	1672	10595
2009	1200	510
2009	1188	412
2009	1145	456
2009	1116	717
2009	1044	495
2009	955	590
2009	953	392
2009	832	478
2009	823	359
2009	816	827
2009	813	1047
2009	811	1439
2009	810	873
2009	779	720
2009	528	474
2009	507	517
2009	500	1005
2009	498	1184
2009	493	863
2009	492	1127
2009	486	1646
2009	344	346
2009	317	366
2009	257	803
2009	209	1055
2009	157	341
2009	297	1588
2009	11207	368
2009	11204	450
2009	11201	1264
2009	2673	2211
2009	2672	901
2009	2671	1114
2009	1943	972
2009	772	453
2009	11179	385
2009	2815	699
2009	969	549
2009	432	306
2009	229	773
2009	63	41805
2009	6132	1185
2009	923	403
2009	11116	154
2009	11110	175
2009	11107	184
2009	11105	189
2009	11092	295
2009	11090	372
2009	6876	156
2009	6659	163
2009	3536	290
2009	5247	4855
2009	11080	112
2009	11062	336
2009	1544	194
2009	11051	49
2009	11049	78
2009	11048	130
2009	4230	72
2009	3884	128
2009	3681	199
2009	3164	61
2009	2935	40
2009	2605	57
2009	1800	101
2009	1790	72
2009	1787	61
2009	1735	53
2009	1098	80
2009	858	48
2009	511	50
2009	444	46
2009	418	48
2009	238	87
2009	237	38
2009	173	67
2009	154	295
2009	137	43
2009	88	77
2009	57	166
2009	11045	526
2009	11042	580
2009	11039	730
2009	11036	1024
2009	11033	1527
2009	4586	635
2009	4585	1100
2009	3792	1223
2009	3780	508
2009	3355	4061
2009	3354	3071
2009	3227	4491
2009	1952	699
2009	1640	642
2009	8350	1369
2009	4346	2111
2009	3333	5318
2009	512	1702
2009	424	3870
2009	198	2442
2009	159	2466
2009	11017	239
2009	11016	262
2009	11015	268
2009	11013	344
2009	11012	405
2009	11011	452
2009	11010	785
2009	11007	1719
2009	7398	324
2009	4294	352
2009	3173	250
2009	1556	338
2009	1470	248
2009	1054	541
2009	913	251
2009	908	1643
2009	793	830
2009	681	1635
2009	484	1458
2009	479	231
2009	465	773
2009	461	1070
2009	457	2185
2009	456	1954
2009	349	419
2009	333	960
2009	325	890
2009	321	1413
2009	311	329
2009	301	2951
2009	299	416
2009	295	1326
2009	293	511
2009	289	4861
2009	288	1414
2009	279	410
2009	257	772
2009	89	732
2009	67	275
2009	10993	1942
2009	1270	4507
2009	425	445
2009	207	838
2009	190	10282
2009	6282	848
2009	1810	978
2009	1372	676
2009	488	11350
2009	3239	626
2009	1045	1489
2009	524	12011
2009	498	543
2009	461	387
2009	10571	131
2009	4837	106
2009	3200	233
2009	3057	169
2009	2598	103
2009	2544	137
2009	1047	101
2009	907	154
2009	903	544
2009	701	183
2009	546	399
2009	545	197
2009	525	132
2009	498	134
2009	484	100
2009	412	131
2009	349	109
2009	342	136
2009	331	761
2009	329	519
2009	327	115
2009	321	112
2009	320	225
2009	310	159
2009	300	598
2009	298	715
2009	295	596
2009	292	381
2009	289	585
2009	288	522
2009	97	265
2009	89	859
2009	67	225
2009	65	369
2009	55	163
2009	1874	51
2009	1375	87
2009	1055	85
2009	511	1839
2009	498	200
2009	378	93
2009	377	103
2009	295	105
2009	220	105
2009	190	7420
2009	173	764
2009	72	930
2009	65	2477
2009	10937	192
2009	10935	216
2009	10925	1367
2009	8398	561
2009	6857	344
2009	2428	319
2009	2094	473
2009	2092	331
2009	2088	725
2009	963	185
2009	375	649
2009	10920	301
2009	10318	1236
2009	6603	313
2009	6453	635
2009	5950	404
2009	5067	392
2009	2653	275
2009	1678	322
2009	1674	305
2009	1246	375
2009	1201	584
2009	1198	834
2009	1182	614
2009	1043	607
2009	1040	1939
2009	1038	1166
2009	1035	1000
2009	691	320
2009	687	1526
2009	540	537
2009	537	765
2009	471	1104
2009	403	692
2009	324	500
2009	2716	955
2009	859	252
2009	212	373
2009	10842	224
2009	10841	228
2009	10840	255
2009	6257	147
2009	6056	254
2009	5939	2453
2009	5605	957
2009	4177	832
2009	4036	478
2009	2509	143
2009	1854	2726
2009	1800	1996
2009	1470	285
2009	1020	169
2009	1009	856
2009	968	1051
2009	930	182
2009	518	1402
2009	488	115
2009	407	344
2009	378	354
2009	229	143
2009	171	238
2009	162	710
2009	151	223
2009	63	494
2009	10833	103
2009	10828	662
2009	3940	226
2009	2962	863
2009	1994	1693
2009	961	561
2009	959	104
2009	188	512
2009	1613	144
2009	456	565
2009	300	655
2009	2102	631
2009	2094	1768
2009	299	113
2009	288	33278
2009	10798	1424
2009	10797	3468
2009	6602	3315
2009	5644	1449
2009	1045	1139
2009	439	2140
2009	10716	1177
2009	5544	80
2009	757	225
2009	10681	902
2009	8589	630
2009	5547	249
2009	4706	214
2009	4704	700
2009	3077	228
2009	1990	368
2009	1098	389
2009	1034	10623
2009	691	437
2009	532	1367
2009	528	405
2009	498	810
2009	466	3920
2009	430	564
2009	300	576
2009	289	465
2009	89	595
2009	291	804
2009	6151	380
2009	5299	406
2009	3703	456
2009	3511	355
2009	2772	450
2009	2771	342
2009	751	508
2009	5746	221
2009	1401	130
2009	488	155
2009	484	297
2009	157	8987
2009	4246	1445
2009	207	28108
2009	182	1016
2009	10649	34
2009	906	3915
2009	352	237
2009	10623	2320
2009	2524	888
2009	2372	1396
2009	2364	1401
2009	964	679
2009	441	385
2009	190	658
2009	10600	99
2009	8155	158
2009	4177	59
2009	1449	99
2009	1377	239
2009	490	77
2009	403	77
2009	353	75
2009	317	214
2009	302	155
2009	295	57
2009	10592	723
2009	3740	2906
2009	3508	1834
2009	2486	963
2009	2026	2233
2009	10539	970
2009	10530	2971
2009	10516	188
2009	126	237
2009	10514	29
2009	5746	254
2009	299	160
2009	292	3625
2009	262	79
2009	257	2043
2009	161	218
2009	157	513
2009	10502	130
2009	10490	172
2009	10487	209
2009	3943	333
2009	2735	145
2009	781	178
2009	1369	116
2009	10465	2314
2009	10464	2350
2009	66	3409
2009	199	295
2009	2787	109
2009	614	79
2009	10444	78
2009	5014	251
2009	918	91
2009	10415	212
2009	10414	232
2009	1764	62
2009	629	422
2009	439	364
2009	10411	34
2009	8262	595
2009	808	292
2009	366	2984
2009	10318	260
2009	295	1372
2009	288	28004
2009	10313	169
2009	4316	94
2009	1609	93
2009	1098	250
2009	748	224
2009	621	86
2009	445	106
2009	197	480
2009	10311	276
2009	10310	286
2009	10309	287
2009	10308	300
2009	10306	329
2009	10303	443
2009	10302	485
2009	10300	519
2009	10299	1766
2009	4170	349
2009	3236	288
2009	3234	280
2009	2384	290
2009	2151	364
2009	1440	356
2009	956	331
2009	846	387
2009	842	346
2009	823	325
2009	815	654
2009	785	326
2009	768	442
2009	707	690
2009	377	453
2009	209	476
2009	10262	36
2009	2101	955
2009	10210	555
2009	1121	4516
2009	9337	1448
2009	10160	70
2009	2834	343
2009	2343	1768
2009	957	307
2009	922	368
2009	707	82951
2009	10107	274
2009	230	4033
2009	985	11
2009	874	24
2009	165	12
2009	51	97
2009	10059	254
2009	10057	423
2009	5746	373
2009	912	557
2009	681	1943
2009	498	2024
2009	292	572
2009	1056	772
2009	327	960
2009	1768	1755
2009	599	2863
2009	10000	203
2009	308	149
2009	292	1222
2009	257	26974
2009	9964	94
2009	9960	211
2009	4096	107
2009	3721	82
2009	2738	70
2009	2379	125
2009	850	121
2009	831	92
2009	234	446
2009	331	306
2009	3285	469
2009	1083	2229
2009	997	1985
2009	67	1431
2009	51	3500
2009	932	44570
2009	498	3128
2009	3477	255
2009	2347	1064
2009	805	1247
2009	412	1355
2009	863	45
2009	501	609
2009	333	1371
2009	234	183
2009	9785	117
2009	9781	170
2009	9454	193
2009	1216	85
2009	977	111
2009	757	190
2009	9768	739
2009	8684	448
2009	8264	1083
2009	6773	593
2009	3621	1358
2009	1383	341
2009	1192	378
2009	1188	381
2009	1100	556
2009	816	1626
2009	9758	218
2009	6563	2871
2009	1575	75
2009	4309	64
2009	680	168
2009	289	258
2009	9748	1175
2009	9742	1510
2009	9735	3399
2009	8504	1403
2009	4686	2035
2009	3865	3000
2009	3501	1633
2009	2094	2070
2009	1009	3366
2009	898	2614
2009	89	4390
2009	9704	212
2009	9700	1320
2009	8756	1275
2009	4260	2795
2009	270	179
2009	1974	225
2009	1131	275
2009	1044	397
2009	978	361
2009	917	316
2009	517	426
2009	512	323
2009	234	473
2009	226	379
2009	198	428
2009	7	329
2009	9651	36
2009	854	293
2009	9629	1291
2009	6728	2739
2009	4069	3668
2009	4058	1526
2009	715	831
2009	511	1876
2009	226	1458
2009	59	900
2009	9593	1041
2009	9592	1221
2009	9577	2
2009	9565	73
2009	9564	75
2009	9553	130
2009	9289	95
2009	7126	154
2009	1909	121
2009	1154	111
2009	701	14306
2009	355	565
2009	349	154
2009	295	463
2009	292	3643
2009	290	42
2009	2342	11022
2009	1513	4970
2009	1358	2879
2009	163	1740
2009	9513	210
2009	7042	504
2009	5016	266
2009	9507	81
2009	9506	85
2009	9488	1
2009	9484	1
2009	9481	1
2009	9477	3
2009	9476	5
2009	6229	1
2009	5547	1
2009	1609	1
2009	1048	1
2009	716	3
2009	682	1
2009	221	2
2009	1810	1736
2009	1249	677
2009	952	48
2009	917	1035
2009	707	238
2009	9403	634
2009	4750	1293
2009	1201	707
2009	481	1388
2009	455	1242
2009	349	736
2009	302	1618
2009	292	1117
2009	291	993
2009	289	1199
2009	89	1135
2009	3476	371
2009	1358	414
2009	1027	229
2009	998	332
2009	159	1068
2009	51	1010
2009	9357	581
2009	9354	795
2009	9353	853
2009	5700	918
2009	5346	479
2009	3411	705
2009	2691	1300
2009	2677	475
2009	9347	525
2009	1412	991
2009	959	414
2009	9337	35
2009	9333	138
2009	9302	399
2009	9301	400
2009	9300	414
2009	9298	566
2009	9297	594
2009	9296	636
2009	9293	671
2009	9289	897
2009	9287	2229
2009	9286	2395
2009	8812	412
2009	8552	1856
2009	8545	734
2009	7935	5332
2009	6708	2764
2009	6703	538
2009	6076	498
2009	3313	579
2009	3065	872
2009	2936	618
2009	2902	1127
2009	2459	596
2009	1825	756
2009	1686	656
2009	1465	2495
2009	1464	5046
2009	1414	1172
2009	1244	12182
2009	1242	5983
2009	1073	460
2009	997	386
2009	585	693
2009	227	14154
2009	157	6615
2009	100	401
2009	8701	784
2009	3411	871
2009	2542	388
2009	930	602
2009	703	1110
2009	499	812
2009	498	4716
2009	204	465
2009	190	1421
2009	173	2656
2009	89	1811
2009	64	915
2009	701	1622
2009	641	302
2009	340	183
2009	306	177
2009	261	1097
2009	257	1347
2009	229	1141
2009	89	1642
2009	67	5390
2009	4818	215
2009	1098	1394
2009	58	730
2009	5667	1007
2009	3239	1180
2009	2546	1103
2009	2083	574
2009	1687	546
2009	1613	592
2009	1547	1838
2009	1513	1018
2009	1369	1013
2009	1261	1226
2009	917	1028
2009	857	1652
2009	843	1301
2009	841	2938
2009	707	3434
2009	614	1011
2009	466	548
2009	300	1122
2009	278	1001
2009	195	583
2009	7	1643
2009	9254	518
2009	9253	569
2009	6065	1833
2009	5918	1847
2009	2559	887
2009	1897	1944
2009	1895	2312
2009	1893	774
2009	1886	3627
2009	1799	1352
2009	1013	4237
2009	998	514
2009	995	495
2009	599	651
2009	99	1186
2009	98	3774
2009	68	1683
2009	51	3127
2009	325	34674
2009	9217	214
2009	9216	228
2009	9215	232
2009	9214	258
2009	9212	300
2009	9208	800
2009	9207	1355
2009	6258	872
2009	2746	223
2009	957	296
2009	89	23305
2009	9193	271
2009	4439	691
2009	3078	1297
2009	5045	2197
2009	3730	1250
2009	1486	767
2009	1376	621
2009	1055	1187
2009	1048	1620
2009	546	783
2009	298	559
2009	228	535
2009	207	883
2009	84	1144
2009	1713	587
2009	1075	662
2009	173	3095
2009	72	10099
2009	9073	111
2009	9071	113
2009	9067	118
2009	9065	122
2009	9058	147
2009	9057	148
2009	9055	156
2009	9053	172
2009	9052	173
2009	9051	181
2009	9044	259
2009	9042	287
2009	7201	230
2009	5574	6522
2009	375	767
2009	3371	335
2009	208	503
2009	2383	1133
2009	8991	43
2009	8990	70
2009	5156	22
2009	4130	49
2009	2784	36
2009	599	33
2009	4043	333
2009	6008	472
2009	503	1586
2009	3893	704
2009	3280	1594
2009	2542	812
2009	2289	408
2009	1504	639
2009	1418	717
2009	604	409
2009	429	654
2009	238	648
2009	233	460
2009	154	1370
2009	81	433
2009	53	1026
2009	8854	46
2009	7626	49
2009	5787	42
2009	5745	44
2009	2050	88
2009	1833	37
2009	903	252
2009	294	57
2009	265	81
2009	227	63
2009	8823	171
2009	8821	193
2009	8805	519
2009	8804	540
2009	8803	593
2009	2842	280
2009	289	25118
2009	8770	86
2009	8769	317
2009	7214	65
2009	157	1424
2009	8710	4034
2009	2344	366
2009	1873	1308
2009	922	307
2009	707	2627
2009	706	1336
2009	424	1519
2009	217	1209
2009	198	1241
2009	2610	90
2009	4366	1099
2009	964	393
2009	152	1143
2009	191	2703
2009	8645	1364
2009	2815	1140
2009	2083	345
2009	8640	57
2009	8609	383
2009	8608	417
2009	8607	878
2009	295	2332
2009	8598	181
2009	8254	144
2009	7930	148
2009	5485	182
2009	3719	183
2009	3717	202
2009	3637	244
2009	3238	871
2009	2746	169
2009	2744	353
2009	2380	172
2009	2379	237
2009	1672	324
2009	1527	282
2009	1526	192
2009	1522	100
2009	1364	112
2009	1360	226
2009	1351	94
2009	1344	288
2009	1274	212
2009	1131	154
2009	1044	153
2009	978	151
2009	954	251
2009	947	232
2009	920	383
2009	918	2172
2009	917	833
2009	846	309
2009	843	400
2009	841	925
2009	726	724
2009	710	216
2009	707	48808
2009	503	129
2009	472	100
2009	12	131
2009	1672	32460
2009	500	861
2009	8590	17
2009	1409	126
2009	1400	330
2009	229	153
2009	228	343
2009	65	115
2009	55	9084
2009	6374	1531
2009	3371	529
2009	1243	365
2009	703	485
2009	432	1603
2009	425	535
2009	301	447
2009	289	2531
2009	288	1204
2009	234	577
2009	157	544
2009	154	359
2009	67	460
2009	8576	12
2009	8575	12
2009	8574	12
2009	8573	12
2009	8572	13
2009	8571	13
2009	8570	14
2009	8567	14
2009	8563	16
2009	8561	17
2009	8560	17
2009	8559	17
2009	8558	18
2009	8555	19
2009	8553	21
2009	8552	22
2009	8551	26
2009	8549	28
2009	8548	30
2009	8547	40
2009	8546	45
2009	8545	45
2009	8544	47
2009	8543	49
2009	8314	22
2009	7937	21
2009	5433	38
2009	4785	43
2009	3482	25
2009	3230	32
2009	2834	56
2009	2796	12
2009	2463	15
2009	2351	15
2009	1802	20
2009	1244	23
2009	1242	58
2009	717	24
2009	8336	551
2009	8322	303
2009	8509	853
2009	8457	2377
2009	8412	542
2009	72	13228
2009	8328	128
2009	8322	508
2009	8315	650
2009	3817	325
2009	1700	1035
2009	768	329
2009	492	2140
2009	190	39
2009	72	854
2009	8196	68
2009	6536	666
2009	6120	3001
2009	2987	687
2009	288	487
2009	3714	582
2009	1504	750
2009	1375	1226
2009	440	2895
2009	210	1116
2009	707	62
2009	515	246
2009	582	416
2009	7187	125
2009	599	5385
2009	8049	271
2009	8045	480
2009	8042	755
2009	6548	188
2009	5079	200
2009	4874	192
2009	3195	505
2009	2014	404
2009	1706	197
2009	1534	256
2009	1303	528
2009	1301	474
2009	1300	546
2009	1295	591
2009	1292	323
2009	1066	439
2009	871	574
2009	614	647
2009	518	384
2009	506	573
2009	498	332
2009	487	424
2009	450	345
2009	181	813
2009	159	1240
2009	156	635
2009	32	164
2009	18	720
2009	418	1088
2009	191	246
2009	65	224
2009	7959	9
2009	7923	82
2009	7918	181
2009	3798	62
2009	2761	164
2009	949	89
2009	28	48
2009	7906	892
2009	7904	964
2009	7901	1814
2009	7899	2444
2009	3509	3649
2009	2576	2564
2009	23	1000
2009	7898	300
2009	6006	602
2009	3094	316
2009	2941	650
2009	1470	518
2009	497	268
2009	488	1057
2009	403	931
2009	331	341
2009	289	507
2009	7887	361
2009	7076	226
2009	5950	379
2009	4211	177
2009	3769	260
2009	1398	222
2009	7884	480
2009	7883	699
2009	4600	468
2009	2006	541
2009	1104	643
2009	1062	648
2009	537	597
2009	511	1455
2009	389	673
2009	233	1919
2009	174	554
2009	173	1443
2009	154	1054
2009	72	910
2009	70	992
2009	907	105
2009	7836	1949
2009	2046	126
2009	2044	7652
2009	7803	314
2009	6959	264
2009	7714	1494
2009	7691	162
2009	7655	3907
2009	461	109889
2009	292	176133
2009	67	4602
2009	7654	240
2009	7651	251
2009	7645	877
2009	7644	942
2009	7643	1012
2009	7641	1304
2009	3253	511
2009	2824	276
2009	2823	275
2009	2708	242
2009	2524	348
2009	1633	276
2009	1609	290
2009	1510	348
2009	1400	468
2009	1119	271
2009	1093	835
2009	982	429
2009	618	568
2009	604	237
2009	226	876
2009	225	618
2009	223	1201
2009	212	391
2009	64	336
2009	966	114
2009	7554	238
2009	7546	288
2009	7539	335
2009	7537	407
2009	7535	452
2009	7528	570
2009	7523	838
2009	533	268
2009	7511	806
2009	289	15235
2009	182	1096
2009	544	1464
2009	7457	143
2009	7447	245
2009	5767	223
2009	4704	208
2009	3489	1689
2009	3171	219
2009	1590	1187
2009	686	901
2009	681	1210
2009	292	1396
2009	5486	7
2009	1713	804
2009	1072	829
2009	234	654
2009	190	755
2009	7440	211
2009	7439	227
2009	7435	269
2009	7430	411
2009	7429	436
2009	7427	662
2009	7425	757
2009	7323	425
2009	3112	917
2009	2632	2487
2009	2616	409
2009	1901	350
2009	959	349
2009	610	337
2009	544	230
2009	227	388
2009	2765	1021
2009	1372	696
2009	1369	454
2009	1360	3579
2009	918	5186
2009	843	902
2009	841	2768
2009	707	4842
2009	706	1551
2009	583	242
2009	163	1767
2009	7418	221
2009	7417	228
2009	7416	256
2009	7415	261
2009	7414	780
2009	7413	784
2009	7412	1472
2009	6915	510
2009	6548	504
2009	4704	276
2009	4136	933
2009	3564	216
2009	3367	582
2009	3200	503
2009	2038	237
2009	2014	641
2009	1406	211
2009	1400	219
2009	1048	867
2009	1041	236
2009	1034	1221
2009	955	390
2009	930	287
2009	757	288
2009	546	370
2009	518	2460
2009	498	293
2009	486	205
2009	464	281
2009	424	579
2009	378	286
2009	324	436
2009	298	320
2009	289	276
2009	229	208
2009	228	380
2009	209	608
2009	207	195
2009	199	592
2009	173	202
2009	172	288
2009	89	1125
2009	53	427
2009	707	6108
2009	7404	160
2009	7265	186
2009	3482	113
2009	3475	184
2009	3400	115
2009	3110	111
2009	2786	166
2009	2630	135
2009	2265	165
2009	2044	151
2009	1977	135
2009	1958	139
2009	1639	186
2009	1426	125
2009	1412	200
2009	1239	175
2009	1131	148
2009	1090	323
2009	969	288
2009	961	173
2009	868	263
2009	730	113
2009	614	107
2009	511	146
2009	424	185
2009	418	296
2009	245	167
2009	229	223
2009	226	239
2009	225	171
2009	206	279
2009	190	206
2009	154	305
2009	51	165
2009	7383	36
2009	7378	74
2009	6265	354
2009	6245	682
2009	4297	382
2009	3057	229
2009	732	127
2009	89	5733
2009	7347	115
2009	7346	116
2009	7345	125
2009	7344	126
2009	7343	183
2009	7341	296
2009	6158	116
2009	6064	134
2009	4123	182
2009	3768	348
2009	2936	432
2009	2488	194
2009	1897	206
2009	1895	137
2009	1891	254
2009	1886	374
2009	1073	247
2009	1019	161
2009	1018	251
2009	1017	268
2009	1014	334
2009	1013	537
2009	1004	286
2009	1001	226
2009	998	528
2009	997	510
2009	993	309
2009	159	401
2009	100	246
2009	99	119
2009	98	290
2009	82	131
2009	72	569
2009	51	330
2009	295	2125
2009	292	13091
2009	89	517
2009	7316	124
2009	7312	149
2009	7293	1311
2009	5074	155
2009	1401	1806
2009	1104	171
2009	1099	2021
2009	377	183
2009	289	7773
2009	190	1602
2009	72	28153
2009	7258	335
2009	7234	156
2009	1376	147
2009	969	1842
2009	233	1748
2009	199	474
2009	190	982
2009	7188	157
2009	7150	416
2009	429	345
2009	511	17403
2009	295	153
2009	7084	98
2009	3173	59
2009	333	994
2009	18744	286
2009	18736	879
2009	7071	209
2009	7031	188
2009	7030	191
2009	7024	261
2009	7020	420
2009	7019	436
2009	7016	596
2009	7013	1139
2009	7012	1171
2009	7011	2139
2009	6582	537
2009	5043	172
2009	3527	517
2009	3506	155
2009	418	340
2009	238	196
2009	1713	10597
2009	511	8331
2009	72	107031
2009	51	3669
2009	6992	50
2009	6948	1237
2009	6947	1690
2009	6945	2445
2009	2300	9348
2009	6908	774
2009	6905	674
2009	6904	712
2009	6903	751
2009	6902	778
2009	6901	819
2009	6900	921
2009	6899	930
2009	6898	972
2009	6897	976
2009	6896	981
2009	6895	1030
2009	6894	1034
2009	6893	1050
2009	6892	1094
2009	6891	1102
2009	6890	1285
2009	6889	1333
2009	6888	1780
2009	6887	2545
2009	6886	3196
2009	6885	4406
2009	6631	749
2009	6626	718
2009	6620	957
2009	6619	1972
2009	2931	714
2009	2930	1054
2009	2927	1244
2009	2923	1370
2009	2921	829
2009	2916	1339
2009	2915	1327
2009	2913	1007
2009	2910	1329
2009	2907	1493
2009	2906	4197
2009	2904	1257
2009	2252	1635
2009	2179	789
2009	1839	1140
2009	1636	916
2009	1613	1477
2009	1402	777
2009	527	1506
2009	475	5431
2009	278	1226
2009	276	669
2009	271	762
2009	267	2265
2009	544	816
2009	302	143
2009	6851	2693
2009	951	803
2009	868	1021
2009	99	771
2009	6842	1408
2009	6819	188
2009	3244	405
2009	1104	341
2009	23	183
2009	6789	282
2009	6785	517
2009	6783	716
2009	3201	284
2009	2552	605
2009	1879	8240
2009	441	232
2009	291	227
2009	167	870
2009	89	516
2009	51	7488
2009	6781	986
2009	6714	3232
2009	3281	2149
2009	51	61012
2009	6755	1801
2009	6753	185
2009	3940	542
2009	6707	555
2009	295	5257
2009	67	41216
2009	6619	458
2009	6618	1934
2009	2179	1025
2009	1641	335
2009	475	12128
2009	330	157
2009	1090	119
2009	969	803
2009	228	169
2009	207	244
2009	6578	217
2009	6577	223
2009	6573	325
2009	3940	450
2009	3405	286
2009	2962	345
2009	2475	503
2009	1426	202
2009	609	474
2009	6563	849
2009	6562	1893
2009	5988	624
2009	2220	846
2009	1596	313
2009	1451	1060
2009	543	576
2009	485	692
2009	478	486
2009	466	489
2009	349	1454
2009	331	576
2009	322	1171
2009	317	710
2009	314	1547
2009	310	509
2009	299	940
2009	295	1637
2009	292	1215
2009	288	903
2009	285	11477
2009	279	1162
2009	262	1010
2009	257	3043
2009	89	4060
2009	69	610
2009	67	4706
2009	3739	75
2009	172	314
2009	30	221
2009	2044	1651
2009	1397	310
2009	734	580
2009	722	143
2009	70	473
2009	67	715
2009	2380	1339
2009	1145	244
2009	1104	1761
2009	1044	508
2009	978	297
2009	917	146
2009	822	127
2009	377	119
2009	7	142
2009	3833	223
2009	2154	285
2009	1243	1610
2009	701	3331
2009	386	532
2009	295	1084
2009	289	7482
2009	89	19376
2009	67	4860
2009	6403	1358
2009	6401	1386
2009	6398	1469
2009	6396	1575
2009	6394	1847
2009	6393	1869
2009	6392	3169
2009	6390	5956
2009	6077	11597
2009	6056	9506
2009	5807	1932
2009	3667	2579
2009	2838	4741
2009	1710	3586
2009	1705	8178
2009	982	1596
2009	910	1851
2009	718	5867
2009	706	2478
2009	228	1351
2009	190	1891
2009	6389	2548
2009	6388	2673
2009	6387	2745
2009	6385	3159
2009	6384	3291
2009	6382	3305
2009	6380	3635
2009	6379	3953
2009	6378	4421
2009	6377	5500
2009	6376	10085
2009	6375	12418
2009	6374	13597
2009	6373	30614
2009	5789	2562
2009	5186	4063
2009	5048	13992
2009	4883	6470
2009	2521	12216
2009	2220	3887
2009	2083	6733
2009	1620	4616
2009	1613	2871
2009	1595	5251
2009	1409	3075
2009	1155	2666
2009	907	10640
2009	548	2876
2009	437	2843
2009	430	5393
2009	316	8954
2009	302	3156
2009	301	3170
2009	288	2985
2009	287	4438
2009	279	31594
2009	266	3637
2009	262	3640
2009	251	3070
2009	241	9943
2009	227	11171
2009	204	2740
2009	173	6922
2009	157	8329
2009	67	10833
2009	461	52611
2009	344	39790
2009	289	21902
2009	6312	485
2009	6308	1592
2009	4883	2107
2009	2094	1072
2009	1601	1704
2009	915	636
2009	465	3217
2009	456	1932
2009	352	532
2009	349	1755
2009	332	493
2009	325	1186
2009	299	3244
2009	295	3229
2009	292	2518
2009	289	32135
2009	288	4913
2009	285	3089
2009	89	3998
2009	67	4161
2009	72	5997
2009	6232	940
2009	6231	977
2009	4620	675
2009	4103	960
2009	3948	1305
2009	3411	981
2009	2614	817
2009	2524	1430
2009	1854	905
2009	1464	924
2009	1383	878
2009	1375	883
2009	1244	1019
2009	1097	882
2009	1094	2076
2009	1062	777
2009	898	850
2009	856	685
2009	615	845
2009	599	1015
2009	533	884
2009	511	743
2009	328	740
2009	226	678
2009	221	1007
2009	215	681
2009	195	976
2009	173	1547
2009	172	731
2009	171	662
2009	167	1338
2009	154	1050
2009	89	734
2009	65	691
2009	58	740
2009	6184	780
2009	3700	262
2009	6149	70
2009	6138	973
2009	6136	1133
2009	2415	515
2009	6046	135
2009	6043	202
2009	6042	261
2009	2605	127
2009	1835	106
2009	1418	106
2009	603	113
2009	162	115
2009	6037	736
2009	6031	2135
2009	5547	864
2009	4735	741
2009	3053	1741
2009	1883	802
2009	1745	1553
2009	1400	1361
2009	1376	3641
2009	1151	1334
2009	985	512
2009	969	630
2009	603	720
2009	441	10625
2009	429	1120
2009	423	810
2009	420	1576
2009	229	2428
2009	206	501
2009	159	2002
2009	154	2242
2009	99	1584
2009	72	2078
2009	59	5777
2009	55	2188
2009	6026	889
2009	6018	1172
2009	6017	1374
2009	6015	1513
2009	6013	1876
2009	6012	1889
2009	5967	847
2009	5964	1425
2009	5960	2780
2009	679	318
2009	5980	479
2009	982	112
2009	680	354
2009	498	73
2009	471	75
2009	288	302
2009	89	2840
2009	5966	370
2009	5067	3947
2009	2426	377
2009	1035	4655
2009	1684	62
2009	908	90
2009	5940	147
2009	5939	287
2009	5936	554
2009	2956	1267
2009	978	2093
2009	517	1102
2009	488	317
2009	377	1545
2009	5929	47
2009	5904	11
2009	917	1073
2009	707	403
2009	5889	202
2009	599	5450
2009	173	423
2009	163	508
2009	157	187
2009	5886	65
2009	5850	184
2009	5848	270
2009	5846	346
2009	5845	435
2009	5844	521
2009	4344	285
2009	3795	192
2009	3464	214
2009	1580	292
2009	1503	250
2009	1412	496
2009	903	882
2009	868	490
2009	701	588
2009	614	350
2009	525	297
2009	518	251
2009	333	378
2009	320	305
2009	302	211
2009	300	1266
2009	295	578
2009	292	536
2009	289	468
2009	286	243
2009	250	2016
2009	234	614
2009	227	268
2009	89	1284
2009	67	684
2009	55	248
2009	5834	318
2009	2973	4868
2009	5808	310
2009	5806	327
2009	5805	360
2009	5804	385
2009	5803	386
2009	5802	388
2009	5801	413
2009	5800	419
2009	5799	480
2009	5797	565
2009	5796	590
2009	5795	616
2009	5794	822
2009	5793	1190
2009	5792	1524
2009	5791	3163
2009	2771	1702
2009	2681	1160
2009	1709	460
2009	1700	1683
2009	1044	443
2009	774	1053
2009	755	1618
2009	517	1107
2009	486	1048
2009	377	603
2009	238	691
2009	198	903
2009	190	1264
2009	173	2479
2009	162	5599
2009	70	465
2009	64	359
2009	5742	184
2009	5741	198
2009	5733	414
2009	3376	269
2009	2080	96
2009	908	109
2009	543	91
2009	542	110
2009	536	91
2009	484	208
2009	472	75
2009	469	470
2009	455	1930
2009	378	159
2009	333	562
2009	327	245
2009	306	144
2009	294	216
2009	292	525
2009	288	283
2009	283	183
2009	257	290
2009	89	89
2009	65	133
2009	5690	429
2009	2342	3440
2009	1369	4101
2009	5623	170
2009	5621	260
2009	5620	302
2009	1811	1007
2009	917	174
2009	707	209
2009	630	1920
2009	220	137
2009	159	281
2009	157	166
2009	4460	910
2009	2834	1165
2009	2363	872
2009	2347	659
2009	2343	1854
2009	1412	1310
2009	1350	544
2009	1249	1265
2009	1110	467
2009	951	3003
2009	918	922
2009	837	456
2009	830	1020
2009	706	1730
2009	227	838
2009	190	1937
2009	5522	63
2009	5510	77
2009	5509	78
2009	5503	87
2009	5496	115
2009	5494	146
2009	5493	152
2009	5073	94
2009	4725	134
2009	1226	183
2009	4251	1930
2009	5413	472
2009	196	342
2009	5367	27
2009	5311	196
2009	1689	4017
2009	412	411
2009	163	123065
2009	932	45
2009	5200	59
2009	5176	224
2009	80	79
2009	917	2420
2009	386	722
2009	329	112
2009	318	124
2009	293	319
2009	292	877
2009	291	405
2009	289	7104
2009	257	242
2009	157	448
2009	67	982
2009	5112	1025
2009	1788	768
2009	190	20074
2009	3617	30
2009	5071	343
2009	5069	424
2009	5063	661
2009	5062	757
2009	5061	1281
2009	5060	1968
2009	5017	1461
2009	5004	340
2009	1459	1253
2009	1043	354
2009	786	1632
2009	680	628
2009	466	294
2009	456	1375
2009	403	574
2009	362	701
2009	344	2688
2009	325	441
2009	307	995
2009	300	821
2009	291	265
2009	289	629
2009	221	548
2009	2744	170
2009	949	433
2009	707	1203
2009	512	7586
2009	4975	493
2009	4130	394
2009	1014	860
2009	187	6938
2009	4909	111
2009	4894	199
2009	2548	56650
2009	2156	484
2009	1752	415
2009	1098	510
2009	778	785
2009	512	594
2009	802	15049
2009	289	5387
2009	4784	377
2009	4775	502
2009	4774	634
2009	4773	648
2009	4772	932
2009	4262	676
2009	4036	253
2009	2959	316
2009	2850	291
2009	2619	313
2009	1868	338
2009	1853	463
2009	1184	312
2009	1180	437
2009	1029	206
2009	1020	253
2009	968	462
2009	811	223
2009	808	630
2009	680	563
2009	537	2200
2009	536	208
2009	503	271
2009	500	990
2009	497	380
2009	493	613
2009	486	1310
2009	403	521
2009	377	246
2009	371	197
2009	333	424
2009	325	325
2009	293	214
2009	291	198
2009	7	230
2009	4753	159
2009	4740	352
2009	4739	406
2009	4738	452
2009	4737	644
2009	4179	206
2009	1854	388
2009	4712	102
2009	257	17328
2009	4651	458
2009	4639	1467
2009	4638	1779
2009	4636	2520
2009	4634	2827
2009	4633	3005
2009	4632	3024
2009	4630	4431
2009	4629	5208
2009	4628	5227
2009	4627	8636
2009	4626	8833
2009	4625	10776
2009	2134	1066
2009	533	1353
2009	429	1781
2009	424	4168
2009	4619	413
2009	4617	2444
2009	3317	387
2009	2526	1575
2009	1613	571
2009	1243	463
2009	701	472
2009	547	1285
2009	475	618
2009	468	1102
2009	344	532
2009	333	487
2009	327	1764
2009	314	832
2009	301	2309
2009	295	9726
2009	294	2496
2009	292	3477
2009	289	698
2009	288	4769
2009	257	1171
2009	230	503
2009	191	1721
2009	89	1435
2009	65	1679
2009	4566	2713
2009	2515	1089
2009	285	26059
2009	257	7046
2009	4553	1
2009	4550	2
2009	4549	3
2009	3719	2
2009	3542	3
2009	2959	18
2009	2840	1
2009	1673	2
2009	1274	1
2009	964	1
2009	858	1
2009	830	1
2009	518	2
2009	499	58
2009	349	29
2009	344	65
2009	288	9
2009	209	3
2009	38	2
2009	7	1
2009	288	18539
2009	4511	451
2009	4510	451
2009	4509	573
2009	4504	1124
2009	4502	1319
2009	4501	1320
2009	4500	2332
2009	4496	6193
2009	4346	1156
2009	3549	997
2009	3028	1730
2009	2970	1201
2009	2961	1321
2009	2944	519
2009	2744	501
2009	2028	695
2009	1547	5522
2009	1099	583
2009	831	829
2009	814	1226
2009	503	2178
2009	300	833
2009	4440	4492
2009	4399	294
2009	4396	759
2009	4395	796
2009	4355	37
2009	190	1376
2009	2801	86
2009	302	23
2009	4253	526
2009	359	1327
2009	4246	74
2009	1052	153
2009	302	225
2009	207	468
2009	4239	644
2009	4237	781
2009	4236	804
2009	4232	1028
2009	4231	1035
2009	4228	1901
2009	4227	1921
2009	4226	2975
2009	4225	5271
2009	3411	992
2009	3362	1238
2009	2820	1599
2009	2383	730
2009	2154	843
2009	1263	1892
2009	1091	599
2009	972	1189
2009	815	862
2009	779	1033
2009	774	1360
2009	768	5440
2009	758	4295
2009	537	1508
2009	498	1439
2009	418	625
2009	190	1187
2009	173	881
2009	4202	233
2009	4138	131
2009	4136	257
2009	4134	1545
2009	518	130
2009	4123	1556
2009	917	499
2009	857	163
2009	4106	501
2009	1151	406
2009	227	29856
2009	3985	429
2009	3983	437
2009	3982	455
2009	3981	470
2009	3980	488
2009	3979	516
2009	3978	522
2009	3977	528
2009	3976	553
2009	3975	558
2009	3974	594
2009	3972	651
2009	3971	654
2009	3970	687
2009	3969	694
2009	3968	720
2009	3967	735
2009	3966	742
2009	3965	773
2009	3964	865
2009	3963	866
2009	3961	1077
2009	3960	1083
2009	3959	1140
2009	3957	1227
2009	3956	1228
2009	3954	1333
2009	3953	1492
2009	3952	1622
2009	3951	1647
2009	3950	2166
2009	3949	3295
2009	3948	3900
2009	3947	9186
2009	3762	1079
2009	2934	711
2009	1081	21711
2009	455	2341
2009	292	454
2009	289	3199
2009	67	631
2009	2342	3
2009	3940	228
2009	3264	2838
2009	1886	962
2009	1062	189
2009	852	223
2009	227	877
2009	163	1234
2009	98	729
2009	72	3571
2009	3827	3065
2009	517	1277
2009	190	2253
2009	2964	292
2009	1992	356
2009	1110	1131
2009	824	621
2009	188	1110
2009	3576	457
2009	1075	556
2009	233	1040
2009	227	2861
2009	225	4364
2009	223	1165
2009	72	2448
2009	51	4266
2009	1489	1565
2009	3333	659
2009	2614	180
2009	1409	439
2009	1400	696
2009	1394	605
2009	703	326
2009	173	1175
2009	80	456
2009	3728	582
2009	3725	718
2009	3720	1193
2009	3718	1234
2009	3717	1534
2009	2971	687
2009	2594	1424
2009	1812	849
2009	1561	1150
2009	1521	452
2009	1131	1127
2009	964	856
2009	917	1365
2009	854	1355
2009	843	2204
2009	842	1407
2009	768	679
2009	614	731
2009	512	1325
2009	503	1292
2009	1643	28151
2009	3606	232
2009	3605	236
2009	3603	262
2009	3600	291
2009	3594	342
2009	2454	235
2009	892	214
2009	344	368
2009	3501	1433
2009	701	621
2009	674	522
2009	511	605
2009	302	3275
2009	221	950
2009	189	1333
2009	173	4171
2009	1806	76
2009	207	2308
2009	163	530
2009	3373	175
2009	3368	1108
2009	3367	1559
2009	1934	201
2009	1470	456
2009	1116	343
2009	1044	628
2009	972	1110
2009	966	196
2009	697	178
2009	680	796
2009	572	622
2009	546	221
2009	536	615
2009	518	260
2009	498	6610
2009	497	726
2009	488	363
2009	486	491
2009	378	1779
2009	366	501
2009	342	339
2009	306	558
2009	302	499
2009	300	233
2009	291	183
2009	198	1300
2009	159	606
2009	89	2178
2009	71	265
2009	349	1437
2009	344	2946
2009	2977	2047
2009	3276	557
2009	525	529
2009	246	2213
2009	70	345
2009	3194	527
2009	310	10085
2009	3154	99
2009	3147	128
2009	1441	108
2009	1463	884
2009	265	90
2009	89	4111
2009	3097	378
2009	3095	381
2009	3088	460
2009	2062	774
2009	1927	1718
2009	965	690
2009	952	1307
2009	951	2254
2009	920	560
2009	75	271
2009	3033	483
2009	3031	713
2009	3030	1096
2009	3026	3406
2009	1099	1160
2009	816	820
2009	779	452
2009	210	3566
2009	2974	135
2009	2969	208
2009	2966	271
2009	2963	743
2009	1339	4920
2009	936	621
2009	930	283
2009	923	594
2009	917	142
2009	824	200
2009	813	224
2009	724	377
2009	517	139
2009	2959	222
2009	2954	265
2009	2949	352
2009	2946	380
2009	2941	666
2009	2940	906
2009	1406	322
2009	377	255
2009	2933	795
2009	2554	538
2009	2183	406
2009	999	299
2009	730	226
2009	717	1448
2009	429	256
2009	377	223
2009	268	693
2009	227	243
2009	192	180
2009	180	385
2009	157	430
2009	72	3365
2009	67	540
2009	51	1244
2009	2826	259
2009	2815	486
2009	2814	554
2009	1048	213
2009	969	988
2009	533	1394
2009	207	719
2009	173	435
2009	2102	3015
2009	325	2279
2009	289	12705
2009	265	796
2009	257	977
2009	2796	109
2009	2790	143
2009	2789	165
2009	2785	256
2009	2784	284
2009	2782	526
2009	2781	586
2009	2372	350
2009	2363	761
2009	2350	189
2009	2346	1577
2009	2343	949
2009	1810	104
2009	1803	1177
2009	1360	102
2009	1249	2581
2009	732	766
2009	1260	794
2009	2663	2912
2009	2662	3132
2009	2661	3158
2009	2657	3978
2009	2656	4143
2009	2655	4869
2009	2653	5895
2009	2652	13426
2009	2637	2986
2009	1274	8004
2009	1045	7325
2009	1044	10082
2009	500	1965
2009	425	1763
2009	383	2137
2009	1104	40
2009	229	1314
2009	173	1612
2009	157	130
2009	72	5915
2009	2498	72
2009	2497	306
2009	1686	10
2009	2458	103
2009	2454	122
2009	2453	123
2009	2452	125
2009	2443	231
2009	2442	236
2009	2439	281
2009	2437	342
2009	1415	84
2009	734	119
2009	680	3252
2009	209	5627
2009	2318	839
2009	2263	2020
2009	229	555
2009	2066	174
2009	2050	724
2009	2049	923
2009	2046	2562
2009	2044	28397
2009	2039	241
2009	2028	555
2009	1001	2017
2009	599	566
2009	157	162
2009	155	157
2009	82	403
2009	2011	90
2009	1999	210
2009	1997	254
2009	1993	451
2009	944	394
2009	154	746
2009	1895	343
2009	1886	572
2009	51	910
2009	1821	286
2009	1802	58
2009	1801	62
2009	1799	67
2009	1791	98
2009	1790	101
2009	1789	110
2009	1787	144
2009	1786	146
2009	1785	291
2009	1784	542
2009	1384	139
2009	1072	281
2009	961	118
2009	868	267
2009	378	170
2009	238	274
2009	221	83
2009	191	153
2009	190	400
2009	189	145
2009	187	227
2009	182	1040
2009	173	443
2009	154	272
2009	81	76
2009	72	6918
2009	70	70
2009	65	745
2009	64	91
2009	51	528
2009	1783	170
2009	1778	179
2009	1771	190
2009	1763	263
2009	1758	471
2009	1755	858
2009	1112	208
2009	1109	1103
2009	727	185
2009	418	452
2009	227	645
2009	196	414
2009	163	316
2009	1704	1129
2009	1703	1217
2009	1701	1778
2009	1700	1802
2009	1358	688
2009	1131	5156
2009	1104	3049
2009	504	600
2009	377	1779
2009	190	3458
2009	72	3445
2009	36	810
2009	1642	2174
2009	1633	322
2009	1615	624
2009	289	267
2009	1394	779
2009	1090	412
2009	533	9355
2009	229	808
2009	207	3642
2009	65	1984
2009	56	672
2009	1500	91
2009	89	156
2009	1336	167
2009	1333	178
2009	1330	192
2009	1329	196
2009	1327	200
2009	1319	251
2009	1318	253
2009	1317	255
2009	1316	256
2009	1315	272
2009	1311	296
2009	1310	297
2009	1309	317
2009	1308	328
2009	1307	337
2009	1306	385
2009	1305	450
2009	1304	454
2009	1303	481
2009	1302	524
2009	1297	845
2009	1296	927
2009	1295	969
2009	1294	1046
2009	1292	1351
2009	1020	196
2009	34	1585
2009	32	411
2009	1283	55
2009	1278	57
2009	1250	320
2009	13	76
2009	1185	675
2009	1181	765
2009	1180	900
2009	779	709
2009	687	1524
2009	500	497
2009	497	782
2009	1141	209
2009	1130	438
2009	1121	770
2009	1117	1017
2009	1112	2107
2009	1111	2350
2009	418	1130
2009	964	172
2009	614	102
2009	943	279
2009	934	433
2009	932	503
2009	922	1223
2009	917	3967
2009	511	1813
2009	350	1146
2009	329	425
2009	325	244
2009	295	312
2009	157	1694
2009	155	235
2009	901	518
2009	896	633
2009	884	110
2009	883	110
2009	880	118
2009	875	138
2009	863	200
2009	862	210
2009	861	215
2009	860	217
2009	856	240
2009	855	419
2009	852	956
2009	599	652
2009	159	401
2009	152	330
2009	822	1032
2009	600	835
2009	333	38
2009	298	16
2009	89	3967
2009	67	9
2009	55	6
2009	482	251
2009	471	537
2009	469	552
2009	458	1708
2009	456	1951
2009	234	370
2009	230	329
2009	89	3384
2009	64	420
2009	137	75
2009	122	108
2009	108	236
2009	102	662
2009	101	13176
2009	96	1342
2009	94	1373
2009	73	2584
2009	63	3735
