2005	59	538
2005	599	321
2005	441	181
2005	429	154
2005	72	5356
2005	227	195
2005	193	337
2005	187	273
2005	172	295
2005	98	2220
2005	159	214
2005	99	157
2005	96	228
2005	72	406
2005	99	1878
2005	193	915
2005	67	243
2005	61	183
2005	59	203
2005	441	232
2005	51	303
2005	767	1279
2005	1066	133
2005	1255	99
2005	1256	43
2005	4871	43
2005	511	3443
2005	581	63
2005	583	121
2005	10521	908
2005	441	13
2005	11103	50
2005	15626	58
2005	585	35
2005	599	31
2005	728	237
2005	204	1637
2005	355	2542
2005	4199	271
2005	730	56
2005	4183	1929
2005	3737	1652
2005	1113	1187
2005	3788	919
2005	11516	1256
2005	65	479
2005	735	83
2005	227	354
2005	533	333
2005	614	312
2005	709	526
2005	2346	265
2005	65	605
2005	868	20
2005	182	909
2005	190	229
2005	221	104
2005	1106	206
2005	1385	102
2005	2051	226
2005	599	456
2005	874	278
2005	2614	119
2005	4762	91
2005	7187	191
2005	868	47
2005	10961	529
2005	905	2667
2005	1122	615
2005	1427	114
2005	1639	38
2005	11910	390
2005	6407	135
2005	6408	190
2005	1166	189
2005	1795	421
2005	1154	399
2005	2842	362
2005	1146	2101
2005	1150	300
2005	1879	8240
2005	1718	2912
2005	2556	195
2005	4324	1166
2005	2265	299
2005	2625	237
2005	3466	330
2005	3613	392
2005	7404	194
2005	2562	235
2005	3778	52
2005	10675	625
2005	5833	1052
2005	4610	339
2005	3417	325
2005	2006	1169
2005	1994	503
2005	1339	1322
2005	1113	305
2005	5660	100
2005	937	381
2005	930	400
2005	924	286
2005	920	604
2005	6783	716
2005	751	279
2005	188	501
2005	152	2183
2005	9470	114
2005	6790	209
2005	6785	517
2005	6784	547
2005	7056	251
2005	8108	196
2005	8110	220
2005	8111	102
2005	8122	37
2005	11892	1162
2005	875	30
2005	1083	47
2005	72	908
2005	709	683
2005	14052	326
2005	1119	9
2005	15038	278
2005	204	8072
2005	15527	220
2005	8692	417
2005	1464	11
2005	8690	950
2005	718	190
2005	1146	147
2005	155	102
2005	197	194
2005	235	205
2005	428	47
2005	7194	628
2005	4982	9
2005	163	2052
2005	436	85
2005	599	400
2005	429	11
2005	622	39
2005	869	110
2005	1150	37
2005	1231	70
2005	1380	169
2005	1814	46
2005	1883	50
2005	706	1020
2005	2475	64
2005	910	1336
2005	2632	62
2005	70	600
2005	3616	88
2005	4354	57
2005	227	24
2005	13634	569
2005	4435	51
2005	8656	2091
2005	917	1282
2005	4451	329
2005	6685	52
2005	6730	75
2005	7146	49
2005	959	1502
2005	7329	46
2005	11253	128
2005	13406	45
2005	14456	94
2005	14457	87
2005	14458	82
2005	225	22
2005	14459	82
2005	155	667
2005	14460	77
2005	14462	74
2005	172	269
2005	14463	66
2005	172	12
2005	14464	61
2005	14465	59
2005	14467	48
2005	14468	47
2005	1014	846
2005	14469	46
2005	1110	2197
2005	14470	40
2005	5159	409
2005	1343	1089
2005	229	343
2005	374	1040
2005	1358	1149
2005	1105	612
2005	4787	586
2005	198	10863
2005	220	3539
2005	412	2600
2005	707	6627
2005	1947	1396
2005	1413	1146
2005	6298	2054
2005	6724	5071
2005	2632	398
2005	1513	1060
2005	957	1195
2005	2030	986
2005	924	1294
2005	794	2812
2005	2044	60845
2005	12987	427
2005	3057	1894
2005	14533	437
2005	4680	2581
2005	4326	1231
2005	3425	1497
2005	1374	949
2005	1358	1090
2005	1349	1920
2005	1339	1255
2005	957	4639
2005	16952	138
2005	2	428
2005	954	2304
2005	17490	747
2005	942	4976
2005	937	4115
2005	936	2767
2005	930	2185
2005	928	3539
2005	924	1067
2005	2236	3112
2005	922	5580
2005	918	4310
2005	917	29849
2005	707	5139
2005	17492	394
2005	17493	305
2005	17494	212
2005	599	22
2005	3258	812
2005	17495	197
2005	17496	175
2005	209	968
2005	226	1060
2005	2251	846
2005	434	656
2005	2347	838
2005	6680	425
2005	4495	159
2005	4494	168
2005	4493	197
2005	217	228
2005	3302	166
2005	3201	158
2005	3119	189
2005	2633	158
2005	1886	150
2005	2444	862
2005	2531	1221
2005	3264	2516
2005	3481	878
2005	5175	2262
2005	1881	145
2005	12733	1206
2005	17616	1086
2005	9539	2050
2005	1413	178
2005	6361	204
2005	6350	427
2005	1242	198
2005	2361	622
2005	227	147
2005	426	224
2005	1122	167
2005	429	416
2005	959	332
2005	230	776
2005	511	3470
2005	163	347
2005	1083	199
2005	12194	200
2005	1027	193
2005	1019	145
2005	1017	174
2005	1013	142
2005	227	253
2005	159	45
2005	1004	443
2005	562	61
2005	77	12
2005	51	24657
2005	56	1295
2005	65	1918
2005	67	5741
2005	565	64
2005	69	1379
2005	72	1956
2005	157	1970
2005	253	2801
2005	285	2222
2005	291	1879
2005	511	8839
2005	72	112
2005	993	9381
2005	1001	2418
2005	1116	2883
2005	2469	1268
2005	2554	2192
2005	3104	4192
2005	3302	1367
2005	3481	1469
2005	4130	2745
2005	5072	1303
2005	15449	2570
2005	998	239
2005	572	191
2005	576	48
2005	59	20
2005	997	280
2005	993	311
2005	4113	141
2005	985	210
2005	878	251
2005	580	169
2005	857	171
2005	852	153
2005	735	148
2005	715	168
2005	612	178
2005	51	7488
