2008	278	62
2008	501	609
2008	1186	187
2008	1613	46
2008	2380	765
2008	4375	114
2008	6196	95
2008	9791	81
2008	67	447
2008	951	2337
2008	1248	778
2008	1810	1007
2008	2350	228
2008	1156	180
2008	2859	608
2008	3576	162
2008	4024	185
2008	4165	580
2008	6292	426
2008	13433	552
2008	8884	655
2008	7776	1551
2008	6298	1709
2008	6191	2479
2008	4262	1489
2008	4255	3395
2008	3769	995
2008	3616	450
2008	3082	3480
2008	2815	437
2008	2661	5742
2008	2600	468
2008	1854	1586
2008	1517	524
2008	1197	1107
2008	1193	724
2008	1182	990
2008	1179	5074
2008	1105	1123
2008	930	425
2008	540	3050
2008	507	768
2008	498	905
2008	493	1735
2008	488	1274
2008	486	4443
2008	229	696
2008	1334	177
2008	1335	176
2008	425	27
2008	1336	167
2008	5653	110
2008	51	3500
2008	472	164
2008	55	220
2008	58	510
2008	1382	277
2008	3184	188
2008	1389	142
2008	159	1111
2008	172	1540
2008	302	321
2008	777	669
2008	3057	271
2008	997	1985
2008	999	250
2008	1014	441
2008	1083	2229
2008	13394	388
2008	4675	261
2008	2797	161
2008	964	274
2008	227	1232
2008	163	2334
2008	152	841
2008	81	190
2008	13382	423
2008	13079	633
2008	12791	370
2008	1099	532
2008	13365	1019
2008	540	248
2008	377	433
2008	298	346
2008	64	2016
2008	65	541
2008	1878	269
2008	67	4115
2008	70	930
2008	72	685
2008	1885	648
2008	1612	712
2008	1515	1636
2008	2552	2082
2008	17534	1703
2008	1048	1437
2008	1617	548
2008	1618	545
2008	3747	979
2008	2936	330
2008	3205	375
2008	3200	453
2008	9	1941
2008	1631	328
2008	13352	1400
2008	13351	5202
2008	615	525
2008	443	364
2008	3502	2739
2008	3200	1211
2008	1505	29924
2008	499	12449
2008	1634	306
2008	289	20251
2008	173	18117
2008	172	4689
2008	90	917
2008	155	1226
2008	182	1154
2008	3562	1069
2008	220	559
2008	241	796
2008	5258	610
2008	247	803
2008	257	1416
2008	265	769
2008	279	3619
2008	288	961
2008	8582	400
2008	17530	151
2008	8790	350
2008	292	1176
2008	9858	657
2008	294	719
2008	9859	569
2008	9860	500
2008	296	2094
2008	9861	420
2008	299	1103
2008	190	151
2008	403	177
2008	17518	192
2008	301	1935
2008	302	3275
2008	310	3131
2008	1091	139
2008	332	496
2008	2014	519
2008	467	3304
2008	3247	166
2008	504	1159
2008	674	522
2008	11638	185
2008	6750	306
2008	53	356
2008	792	3105
2008	10468	226
2008	170	337
2008	13301	134
2008	13298	174
2008	196	420
2008	199	909
2008	210	898
2008	217	456
2008	418	1816
2008	618	712
2008	619	275
2008	621	297
2008	632	449
2008	757	552
2008	1155	348
2008	1390	297
2008	1627	557
2008	1735	586
2008	4716	2425
2008	906	458
2008	3173	4131
2008	1960	392
2008	299	12016
2008	6760	50
2008	159	68
2008	72	565
2008	13269	45
2008	8114	84
2008	2894	150
2008	2842	111
2008	2786	49
2008	1639	91
2008	728	97
2008	580	108
2008	1963	411
2008	5173	347
2008	13267	855
2008	11927	634
2008	9888	603
2008	8312	731
2008	7685	866
2008	1380	1387
2008	7643	975
2008	9874	601
2008	1505	3529
2008	7056	698
2008	6742	683
2008	5790	601
2008	2681	352
2008	5659	688
2008	2901	568
2008	2629	762
2008	1844	661
2008	9877	301
2008	1519	710
2008	1427	899
2008	1844	241
2008	1005	623
2008	992	957
2008	903	609
2008	735	984
2008	734	870
2008	728	748
2008	601	1681
2008	1601	1301
2008	599	766
2008	583	676
2008	580	813
2008	565	898
2008	1937	858
2008	228	901
2008	157	894
2008	1787	306
2008	93	583
2008	72	1160
2008	69	753
2008	66	945
2008	5000	701
2008	2521	463
2008	2021	548
2008	1602	1253
2008	227	5265
2008	891	1125
2008	800	1065
2008	479	1931
2008	533	14793
2008	459	761
2008	456	822
2008	455	4136
2008	3500	1596
2008	305	593
2008	969	1524
2008	6857	1745
2008	154	175
2008	279	19385
2008	95	196
2008	279	558
2008	289	23947
2008	3501	1433
2008	3081	2035
2008	9976	2541
2008	197	1426
2008	205	828
2008	748	544
2008	1409	1523
2008	903	1212
2008	183	1092
2008	159	2539
2008	13231	144
2008	1122	809
2008	1944	3226
2008	1947	1822
2008	1958	738
2008	3057	827
2008	4079	1511
2008	4123	759
2008	1185	123
2008	289	2394
2008	325	1362
2008	1684	140
2008	500	1068
2008	1672	5181
2008	374	846
2008	375	3820
2008	1919	957
2008	2086	2234
2008	2512	829
2008	3490	542
2008	5089	1338
2008	9105	272
2008	10226	398
2008	10227	344
2008	10228	294
2008	10230	254
2008	10234	156
2008	3502	964
2008	9256	92
2008	8995	2411
2008	2556	5255
2008	732	1500
2008	51	103150
2008	13159	37
2008	13158	47
2008	13157	53
2008	13156	55
2008	13154	71
2008	13152	132
2008	13151	322
2008	8995	40
2008	7347	40
2008	6790	149
2008	6740	40
2008	3920	40
2008	3832	84
2008	3201	36
2008	2937	42
2008	2562	46
2008	2556	62
2008	2490	45
2008	2029	140
2008	1416	60
2008	1414	153
2008	1018	44
2008	1014	82
2008	1005	40
2008	994	46
2008	874	37
2008	599	64
2008	429	45
2008	227	139
2008	187	210
2008	183	34
2008	99	45
2008	91	183
2008	85	44
2008	72	77
2008	68	55
2008	51	1073
2008	10237	122
2008	10243	69
2008	962	398
2008	3200	1604
2008	2305	167
2008	13089	473
2008	13085	297
2008	13084	393
2008	6852	254
2008	10278	16
2008	6742	283
2008	4447	279
2008	4308	276
2008	3466	610
2008	3289	450
2008	3201	283
2008	2554	253
2008	2531	524
2008	2027	437
2008	377	453
2008	768	442
2008	818	278
2008	1810	652
2008	1686	308
2008	1156	321
2008	1151	261
2008	1079	328
2008	1019	314
2008	839	495
2008	1014	620
2008	846	387
2008	1001	1950
2008	1000	273
2008	998	427
2008	993	543
2008	3234	280
2008	982	296
2008	959	288
2008	905	299
2008	715	383
2008	627	1509
2008	612	257
2008	603	255
2008	601	564
2008	599	1340
2008	511	1151
2008	441	309
2008	10299	1766
2008	429	408
2008	233	815
2008	229	377
2008	210	359
2008	193	368
2008	187	301
2008	159	1299
2008	100	250
2008	99	490
2008	77	540
2008	72	2472
2008	70	1083
2008	59	1017
2008	58	400
2008	51	3261
2008	10307	316
2008	3012	528
2008	3003	544
2008	2624	1625
2008	154	837
2008	137	83
2008	4779	2693
2008	3328	968
2008	6391	1360
2008	10402	1374
2008	13040	6110
2008	8705	6676
2008	6410	28722
2008	13037	473
2008	7152	5989
2008	4922	693
2008	1705	1020
2008	64	783
2008	13023	830
2008	13019	1103
2008	13017	1257
2008	10897	4443
2008	9932	3606
2008	8286	2558
2008	7038	1103
2008	3640	1134
2008	3238	870
2008	1984	13534
2008	1978	3915
2008	1814	636
2008	198	823
2008	227	88
2008	2346	78
2008	1639	80
2008	1394	149
2008	735	38
2008	1239	25
2008	3258	25
2008	10411	34
2008	618	216
2008	629	422
2008	1400	530
2008	3747	81
2008	10414	232
2008	152	82
2008	732	65
2008	851	72
2008	920	182
2008	13007	1221
2008	3200	1476
2008	1983	1311
2008	207	807
2008	1343	221
2008	1372	171
2008	3264	169
2008	889	471
2008	292	664
2008	89	1180
2008	161	218
2008	265	39
2008	292	3625
2008	4920	31
2008	53	209
2008	126	237
2008	154	816
2008	162	222
2008	237	225
2008	238	300
2008	418	624
2008	444	258
2008	603	329
2008	616	393
2008	632	197
2008	748	447
2008	755	341
2008	756	114
2008	868	205
2008	1098	412
2008	1109	224
2008	1222	315
2008	1737	116
2008	1745	324
2008	1747	134
2008	1781	327
2008	1787	173
2008	1790	670
2008	67	3917
2008	12983	321
2008	5641	849
2008	5640	568
2008	5630	468
2008	4839	585
2008	4831	943
2008	4823	328
2008	4822	585
2008	4821	709
2008	4218	547
2008	3719	435
2008	2850	21670
2008	2430	1117
2008	2080	525
2008	1853	1629
2008	1555	2203
2008	1541	492
2008	1274	623
2008	1206	408
2008	1197	567
2008	1185	861
2008	1181	329
2008	1180	1345
2008	1044	623
2008	846	1812
2008	818	552
2008	816	790
2008	813	3149
2008	779	1665
2008	537	347
2008	536	398
2008	500	1972
2008	494	768
2008	492	355
2008	486	434
2008	412	766
2008	383	369
2008	234	4833
2008	25	327
2008	1131	448
2008	1835	286
2008	3503	465
2008	207	10370
2008	233	431
2008	12973	599
2008	1965	228
2008	17478	127
2008	289	835
2008	13575	104
2008	2145	210
2008	9338	102
2008	8555	158
2008	12955	227
2008	12952	300
2008	12951	335
2008	12950	348
2008	12949	461
2008	5260	216
2008	12948	476
2008	12947	478
2008	4129	219
2008	12946	494
2008	12693	276
2008	12692	273
2008	12034	645
2008	12027	232
2008	3296	104
2008	3287	183
2008	11796	656
2008	11217	1232
2008	10306	448
2008	9400	643
2008	9282	405
2008	2938	223
2008	9187	810
2008	8724	183
2008	1089	228
2008	1083	694
2008	7756	643
2008	195	429
2008	7754	313
2008	4750	962
2008	4745	501
2008	4361	256
2008	4177	537
2008	4170	479
2008	3928	529
2008	3927	1584
2008	3127	293
2008	3092	452
2008	2661	185
2008	1867	525
2008	986	425
2008	1859	577
2008	1855	795
2008	1852	272
2008	874	139
2008	1470	311
2008	510	307
2008	371	668
2008	2605	331
2008	2668	549
2008	2716	155
2008	2811	196
2008	3411	159
2008	3902	176
2008	4113	157
2008	4118	162
2008	4852	130
2008	5876	129
2008	6043	193
2008	7060	149
2008	7382	129
2008	599	160
2008	9783	150
2008	10516	188
2008	10518	172
2008	11825	391
2008	227	320
2008	2975	143
2008	10519	132
2008	159	286
2008	408	2912
2008	1009	169
2008	955	830
2008	903	196
2008	7623	376
2008	712	528
2008	518	707
2008	506	292
2008	176	440
2008	163	281
2008	72	382
2008	1180	178
2008	40	453
2008	7	1410
2008	707	605
2008	812	402
2008	917	773
2008	918	381
2008	949	68
2008	1360	238
2008	4787	172
2008	6282	188
2008	10584	93
2008	10585	62
2008	207	1772
2008	226	276
2008	424	2000
2008	1239	900
2008	318	15706
2008	1034	2409
2008	85	106
2008	10641	1298
2008	2734	938
2008	2741	598
2008	3047	186
2008	1202	1425
2008	59	129
2008	2817	498
2008	3809	527
2008	6576	656
2008	6830	760
2008	58	112
2008	12873	57
2008	12866	662
2008	7047	571
2008	12832	266
2008	7265	433
2008	10676	336
2008	333	13205
2008	1009	4013
2008	1104	1048
2008	5244	629
2008	10716	1177
2008	257	4085
2008	292	3134
2008	299	667
2008	1298	1949
2008	152	770
2008	188	512
2008	1113	107
2008	1994	1693
2008	12811	321
2008	12810	364
2008	2172	91
2008	12807	455
2008	12804	501
2008	2969	325
2008	3417	419
2008	67	757
2008	3723	134
2008	10807	1016
2008	10582	838
2008	16696	28
2008	3788	176
2008	8407	1862
2008	8398	855
2008	9717	159
2008	5110	1032
2008	5082	777
2008	10828	662
2008	2100	1289
2008	4316	235
2008	2096	357
2008	2093	473
2008	1933	638
2008	1915	660
2008	10832	122
2008	1910	798
2008	1098	401
2008	233	4565
2008	397	310
2008	396	310
2008	300	320
2008	171	1498
2008	72	3445
2008	509	166
2008	707	162
2008	2011	3564
2008	10856	223
2008	72	17137
2008	1072	1162
2008	1713	2420
2008	7	441
2008	163	1105
2008	868	1061
2008	1104	272
2008	1412	1255
2008	238	1032
2008	816	889
2008	10900	4708
2008	10901	2863
2008	55	3147
2008	67	15307
2008	292	760
2008	295	1138
2008	329	282
2008	340	690
2008	6990	670
2008	4126	1312
2008	1705	912
2008	782	915
2008	12722	112
2008	12720	119
2008	12717	134
2008	12711	170
2008	12710	172
2008	12709	183
2008	12707	212
2008	12706	216
2008	12705	225
2008	4230	121
2008	4108	181
2008	4082	162
2008	1806	172
2008	1510	161
2008	851	169
2008	59	132
2008	889	1821
2008	2523	224
2008	3281	208
2008	5192	173
2008	9013	324
2008	503	146411
2008	289	4826
2008	325	948
2008	481	4747
2008	498	543
2008	524	12011
2008	12690	602
2008	536	1206
2008	538	687
2008	779	4569
2008	1246	3039
2008	1678	4750
2008	2801	588
2008	5934	2778
2008	234	1072
2008	707	1184
2008	1415	302
2008	1639	563
2008	356	1291
2008	841	1332
2008	854	1355
2008	918	1695
2008	1099	1058
2008	2944	661
2008	1339	449
2008	36	114
2008	50	30
2008	1119	1955
2008	1131	1127
2008	12600	232
2008	1281	941
2008	67	3541
2008	173	4288
2008	190	1040
2008	198	2005
2008	209	4158
2008	289	5452
2008	292	53
2008	293	226
2008	306	33
2008	324	129
2008	329	76
2008	377	541
2008	378	267
2008	12566	9
2008	486	124
2008	536	303
2008	540	503
2008	1104	36479
2008	12547	1253
2008	2148	837
2008	1246	39369
2008	1714	414
2008	913	3576
2008	2151	497
2008	2369	573
2008	2744	734
2008	1860	169
2008	3719	1215
2008	3722	1102
2008	2179	114
2008	3729	478
2008	2526	80
2008	3367	556
2008	10983	1643
2008	2786	319
2008	10985	207
2008	55	33529
2008	257	2147
2008	349	6756
2008	212	1384
2008	706	740
2008	732	997
2008	735	1412
2008	917	1384
2008	932	1815
2008	942	864
2008	951	1288
2008	344	5592
2008	356	2167
2008	1249	2768
2008	360	3003
2008	1339	925
2008	364	1333
2008	1447	2413
2008	1459	4494
2008	1360	1620
2008	1412	1363
2008	295	15309
2008	2436	3200
2008	1803	3006
2008	2437	1328
2008	2439	4363
2008	1810	978
2008	2442	3255
2008	2443	2064
2008	12516	598
2008	2449	1824
2008	2038	1155
2008	2453	7709
2008	2454	4458
2008	2343	2591
2008	2346	643
2008	2372	705
2008	2457	1195
2008	2468	1903
2008	2797	838
2008	3581	601
2008	2834	2660
2008	3660	696
2008	17469	297
2008	4165	721
2008	7097	791
2008	10994	939
2008	10996	659
2008	295	259
2008	285	1843
2008	67	161
2008	55	230
2008	4225	1163
2008	17285	489
2008	1861	298
2008	814	880
2008	779	408
2008	17284	265
2008	758	2776
2008	460	1079
2008	190	11403
2008	9902	268
2008	81	449
2008	8178	127
2008	3489	245
2008	2083	116
2008	1451	550
2008	908	199
2008	234	14299
2008	475	3646
2008	3333	526
2008	525	143
2008	3354	3071
2008	57	166
2008	58	40
2008	523	1277
2008	65	107
2008	72	89
2008	12376	53
2008	475	635
2008	12367	66
2008	465	615
2008	12363	88
2008	359	227
2008	349	201
2008	12358	373
2008	333	595
2008	331	486
2008	330	305
2008	2691	81
2008	2677	208
2008	329	608
2008	2940	3003
2008	1672	24607
2008	830	14008
2008	493	16522
2008	88	77
2008	154	295
2008	166	159
2008	173	67
2008	182	136
2008	183	38
2008	238	87
2008	418	48
2008	444	46
2008	511	50
2008	858	48
2008	1089	48
2008	1098	80
2008	1375	48
2008	1787	61
2008	1790	72
2008	1800	101
2008	1983	39
2008	2605	57
2008	2616	49
2008	972	58
2008	310	124
2008	309	105
2008	10622	27
2008	302	780
2008	9869	29
2008	3164	61
2008	300	325
2008	7514	34
2008	4876	38
2008	4317	46
2008	4316	56
2008	2824	34
2008	1713	72
2008	295	1133
2008	1301	44
2008	1300	26
2008	1296	43
2008	1295	209
2008	293	559
2008	3280	213
2008	715	33
2008	697	121
2008	599	82
2008	378	61
2008	292	638
2008	81	146
2008	289	3892
2008	288	1362
2008	295	189
2008	238	29
2008	228	185
2008	3290	162
2008	3676	53
2008	173	43
2008	3884	128
2008	153	75
2008	81	129
2008	75	41
2008	72	775
2008	70	36
2008	64	29
2008	9	33
2008	257	393
2008	184	511
2008	97	367
2008	89	199
2008	89	1049
2008	3588	7458
2008	4049	47
2008	3600	2365
2008	4230	72
2008	5542	55
2008	6231	71
2008	6756	65
2008	7382	54
2008	7644	38
2008	10479	196
2008	11049	78
2008	11050	61
2008	12312	50
2008	7352	55
2008	2277	32
2008	1244	49
2008	603	58
2008	57	48
2008	53	27
2008	3606	1127
2008	11052	45
2008	152	935
2008	3200	643
2008	3081	1948
2008	2018	4054
2008	300	789
2008	11053	41
2008	12292	465
2008	5890	726
2008	4444	262
2008	163	2022
2008	1122	2085
2008	715	11248
2008	511	320725
2008	188	2208
2008	239	134
2008	241	121
2008	65	512
2008	206	496
2008	2546	955
2008	2523	862
2008	18638	350
2008	2101	2268
2008	2094	1779
2008	2086	2617
2008	233	16419
2008	238	870
2008	257	123
2008	314	130
2008	374	9311
2008	12274	1328
2008	6134	999
2008	2661	3709
2008	1470	453
2008	498	1255
2008	12231	24
2008	10628	109
2008	2638	154
2008	2041	277
2008	1707	445
2008	1534	189
2008	1225	137
2008	1069	241
2008	961	686
2008	49	188
2008	32	518
2008	195	673
2008	517	551
2008	707	3437
2008	327	135
2008	726	17216
2008	1098	638
2008	1104	3049
2008	12221	338
2008	12218	717
2008	12212	953
2008	9428	129
2008	6710	160
2008	6600	254
2008	3748	355
2008	3097	126
2008	2629	305
2008	2444	213
2008	2265	174
2008	1105	128
2008	728	1002
2008	680	382
2008	554	655
2008	212	133
2008	192	119
2008	12197	1348
2008	621	414
2008	8991	140
2008	1983	1183
2008	1394	600
2008	1090	755
2008	418	996
2008	170	2881
2008	9907	144
2008	64	1309
2008	56	1854
2008	1872	280
2008	12185	379
2008	10231	273
2008	8408	607
2008	5412	237
2008	5089	2489
2008	3488	234
2008	3484	385
2008	3324	924
2008	2277	290
2008	2094	695
2008	2083	274
2008	1919	523
2008	1857	426
2008	1390	731
2008	1109	452
2008	425	417
2008	374	1559
2008	207	269
2008	205	292
2008	10608	207
2008	11062	336
2008	11063	298
2008	11065	222
2008	11069	169
2008	11070	166
2008	11074	129
2008	11079	114
2008	9	194
2008	19	212
2008	45	239
2008	1118	2900
2008	777	153
2008	1394	192
2008	3289	291
2008	3527	252
2008	3536	290
2008	6542	294
2008	6659	163
2008	6878	152
2008	6962	356
2008	6981	254
2008	7521	183
2008	9997	165
2008	11087	478
2008	11088	414
2008	12164	2305
2008	6453	1298
2008	5100	1091
2008	13347	1062
2008	3328	1286
2008	18356	294
2008	1389	1593
2008	11089	405
2008	17048	314
2008	11091	348
2008	11092	295
2008	5250	397
2008	1983	2960
2008	1424	1014
2008	1075	825
2008	3057	293
2008	12120	463
2008	12116	574
2008	12115	647
2008	12111	1510
2008	8126	498
2008	734	1347
2008	212	667
2008	5774	218
2008	2711	108
2008	2419	242
2008	11093	279
2008	11095	255
2008	11096	247
2008	289	31600
2008	599	212
2008	1510	1614
2008	227	4781
2008	11098	219
2008	11099	214
2008	11100	214
2008	11101	205
2008	11103	196
2008	11104	189
2008	11106	186
2008	11107	184
2008	11109	176
2008	11111	171
2008	11112	164
2008	11113	161
2008	11114	157
2008	11115	157
2008	11118	149
2008	808	450
2008	815	679
2008	1858	718
2008	4346	368
2008	6130	472
2008	6382	445
2008	8350	626
2008	11123	95
2008	518	535
2008	11132	892
2008	436	2577
2008	599	1284
2008	724	1173
2008	917	3496
2008	11378	415
2008	7900	514
2008	7054	590
2008	943	422
2008	6182	986
2008	6159	1214
2008	5966	399
2008	11138	88
2008	3732	749
2008	959	444
2008	2574	726
2008	2572	1323
2008	1412	1359
2008	1131	1250
2008	1116	761
2008	964	516
2008	881	536
2008	769	985
2008	632	622
2008	605	1428
2008	418	411
2008	227	564
2008	162	476
2008	1412	1134
2008	792	6938
2008	11171	414
2008	182	510
2008	439	585
2008	716	518
2008	1768	362
2008	10617	779
2008	11177	4023
2008	11178	557
2008	1426	2329
2008	11464	1109
2008	10517	1954
2008	4716	3261
2008	4495	3823
2008	1745	1782
2008	981	3436
2008	444	1728
2008	418	10877
2008	1941	970
2008	2381	749
2008	2624	8008
2008	11969	194
2008	3911	75
2008	4457	439
2008	3032	304
2008	2372	1466
2008	2364	549
2008	2363	1087
2008	1853	356
2008	1672	362
2008	1339	608
2008	1246	579
2008	1185	508
2008	830	911
2008	779	309
2008	500	622
2008	356	200
2008	209	716
2008	11931	204
2008	8555	238
2008	7885	168
2008	3768	172
2008	1897	778
2008	1892	237
2008	1810	168
2008	1079	495
2008	6780	905
2008	1062	186
2008	1013	632
2008	1359	486
2008	5413	920
2008	1004	489
2008	999	381
2008	3286	738
2008	994	164
2008	877	310
2008	193	318
2008	82	192
2008	72	315
2008	757	754
2008	51	461
2008	603	1327
2008	616	931
2008	744	1463
2008	748	1735
2008	1222	625
2008	1745	586
2008	11891	128
2008	907	452
2008	1534	574
2008	475	14651
2008	292	10413
2008	1943	972
2008	1700	1802
2008	1969	791
2008	2901	145
2008	2894	87
2008	2864	165
2008	17365	97
2008	1702	1592
2008	868	47
2008	581	63
2008	565	64
2008	17363	111
2008	10573	495
2008	10046	513
2008	1703	1217
2008	1704	1129
2008	3799	500
2008	1975	1258
2008	1360	872
2008	11849	220
2008	2609	236
2008	2490	686
2008	2136	247
2008	2029	736
2008	1892	185
2008	1891	178
2008	1027	175
2008	998	275
2008	985	290
2008	851	218
2008	601	565
2008	599	748
2008	576	199
2008	533	196
2008	429	209
2008	227	511
2008	215	209
2008	206	250
2008	159	250
2008	72	287
2008	51	330
2008	1246	267
2008	331	678
2008	17359	118
2008	11840	232
2008	1710	637
2008	1711	633
2008	5079	383
2008	3244	488
2008	3195	610
2008	2970	431
2008	2967	254
2008	163	1234
2008	2370	549
2008	2033	276
2008	1713	610
2008	1534	274
2008	416	113
2008	17337	429
2008	1206	806
2008	1104	240
2008	972	337
2008	17336	538
2008	949	356
2008	1156	154
2008	1823	270
2008	785	845
2008	707	323
2008	517	827
2008	447	435
2008	378	269
2008	17120	105
2008	198	594
2008	5326	261
2008	1829	239
2008	23	477
2008	11834	227
2008	11833	243
2008	6724	693
2008	5845	141
2008	2342	323
2008	2055	346
2008	1981	88
2008	1814	157
2008	1639	440
2008	1249	563
2008	1244	500
2008	728	201
2008	706	781
2008	614	528
2008	250	849
2008	245	67
2008	227	630
2008	220	661
2008	11823	880
2008	10583	1591
2008	4430	153
2008	1714	495
2008	1099	840
2008	754	452
2008	1830	231
2008	198	3969
2008	2146	745
2008	2149	782
2008	2667	1236
2008	2668	1146
2008	3266	2094
2008	2673	2211
2008	1351	382
2008	5605	597
2008	2136	215
2008	1412	1189
2008	1372	215
2008	1242	202
2008	1126	381
2008	982	370
2008	975	303
2008	868	340
2008	735	894
2008	728	366
2008	2674	365
2008	709	838
2008	706	317
2008	599	642
2008	562	790
2008	436	306
2008	228	574
2008	227	371
2008	225	703
2008	220	246
2008	203	405
2008	199	417
2008	163	840
2008	159	208
2008	154	323
2008	72	518
2008	2681	1454
2008	2688	405
2008	10518	722
2008	11200	1422
2008	11203	459
2008	11207	368
2008	11209	323
2008	997	545
2008	972	956
2008	3936	676
2008	465	858
2008	3939	259
2008	318	447
2008	289	5479
2008	3859	696
2008	173	602
2008	9187	9358
2008	190	944
2008	230	679
2008	436	417
2008	1831	225
2008	493	430
2008	202	298
2008	498	1668
2008	11303	3183
2008	517	1122
2008	11308	663
2008	11321	409
2008	2179	64223
2008	3627	1410
2008	212	331
2008	4790	385
2008	5297	1155
2008	11424	887
2008	11429	290
2008	11434	211
2008	11438	197
2008	11439	194
2008	1378	293
2008	5313	257
2008	166	1907
2008	227	457
2008	229	460
2008	316	2364
2008	472	60
2008	868	44
2008	2343	37
2008	72	154
2008	220	1214
2008	222	31
2008	715	900
2008	4853	115
2008	6724	1327
2008	540	698
2008	51	910
2008	215	196
2008	707	446
2008	397	307
2008	302	332
2008	18330	99
2008	538	244
2008	540	164
2008	398	306
2008	707	1028
2008	709	309
2008	982	1199
2008	6137	324
2008	1775	223
2008	1764	717
2008	1757	285
2008	316	540
2008	301	377
2008	203	246
2008	69	549
2008	401	289
2008	843	209
2008	854	189
2008	402	280
2008	868	313
2008	1104	171
2008	1412	247
2008	17981	292
2008	59	367
2008	405	267
2008	222	161
2008	232	133
2008	5000	3305
2008	4130	337
2008	3576	326
2008	13498	501
2008	227	438
2008	903	245
2008	601	322
2008	61	603
2008	167	256
2008	207	12498
2008	159	384
2008	233	130
2008	2206	711
2008	67	631
2008	51	919
2008	7419	254
2008	9144	348
2008	10069	205
2008	17304	1430
2008	11603	428
2008	2006	244
2008	920	1409
2008	289	3199
2008	190	344
2008	188	128
2008	2847	312
2008	10613	337
2008	455	2341
2008	4205	308
2008	236	127
2008	4852	100
2008	3132	152
2008	803	508
2008	1389	553
2008	1081	21711
2008	55	3151
2008	2605	180
2008	615	1511
2008	4122	89
2008	1460	986
2008	429	277
2008	68	459
2008	3173	573
2008	4308	344
2008	195	1309
2008	11530	90
2008	210	147
2008	425	113
2008	329	905
2008	1451	9839
2008	1730	383
2008	418	2408
2008	81	4869
2008	17297	286
2008	17295	363
2008	1795	106
2008	17294	472
2008	17189	255
2008	72	80721
2008	9117	219
2008	6869	902
2008	3169	184
2008	72	1303
2008	3132	512
2008	1109	245
2008	2716	387
2008	2668	375
2008	1950	198
2008	697	272
2008	1943	372
2008	1731	367
2008	744	182
2008	491	214
2008	377	596
2008	295	712
2008	540	8398
2008	632	294
2008	17286	57
2008	311	37
2008	295	165
2008	3762	1079
2008	3947	9186
2008	3948	3900
2008	3949	3295
2008	475	125
2008	3950	2166
2008	3951	1647
2008	3952	1622
2008	5266	141
2008	418	219
2008	3953	1492
2008	17235	397
2008	17234	679
2008	227	736
2008	51	19190
2008	278	212
2008	17230	285
2008	238	272
2008	17228	359
2008	3955	1306
2008	17226	1490
2008	85	888
2008	17225	2098
2008	3960	1083
2008	10977	243
2008	9242	164
2008	7463	262
2008	154	246
2008	4800	1633
2008	3719	329
2008	3558	3823
2008	1714	224
2008	1545	1021
2008	1270	484
2008	71	157
2008	512	8093
2008	3961	1077
2008	453	569
2008	7	792
2008	3964	865
2008	3965	773
2008	17188	193
2008	17186	218
2008	17182	348
2008	15918	198
2008	13611	184
2008	11604	215
2008	9445	224
2008	64	200
2008	8945	178
2008	4107	185
2008	3809	244
2008	3805	226
2008	3792	353
2008	3442	240
2008	3440	337
2008	3364	220
2008	3354	320
2008	2531	202
2008	2470	228
2008	2026	193
2008	98	310
2008	1202	183
2008	851	708
2008	512	204
2008	197	203
2008	3967	735
2008	3972	651
2008	3976	553
2008	3977	528
2008	3978	522
2008	3980	488
2008	56	84980
2008	72	385
2008	4023	2285
2008	51	6015
2008	65	976
2008	154	1522
2008	172	733
2008	182	676
2008	190	7133
2008	207	3348
2008	220	626
2008	227	29856
2008	229	923
2008	234	884
2008	298	332
2008	424	3523
2008	436	711
2008	498	2374
2008	534	2183
2008	538	668
2008	599	528
2008	709	3426
2008	716	969
2008	857	431
2008	965	834
2008	982	581
2008	1090	3050
2008	1239	2306
2008	1412	1859
2008	1810	2163
2008	1977	1416
2008	2637	553
2008	830	743
2008	2850	50
2008	289	2041
2008	233	704
2008	1062	327
2008	1713	709
2008	862	155
2008	99	497
2008	233	1909
2008	226	1111
2008	917	148
2008	1206	106
2008	1369	110
2008	1901	230
2008	2026	1805
2008	2343	205
2008	4395	796
2008	4397	450
2008	1105	454
2008	4440	4492
2008	874	427
2008	17078	295
2008	880	313
2008	3576	174
2008	4177	252
2008	1470	356
2008	2523	486
2008	1047	376
2008	2022	357
2008	465	139
2008	318	469
2008	311	514
2008	886	517
2008	300	340
2008	344	3556
2008	289	781
2008	993	611
2008	18282	1781
2008	1073	935
2008	265	666
2008	67	721
2008	3995	110
2008	17073	306
2008	17069	321
2008	17064	384
2008	17063	401
2008	17062	403
2008	17060	452
2008	17059	459
2008	17058	503
2008	17057	531
2008	17056	580
2008	17054	743
2008	17053	836
2008	14356	348
2008	14347	504
2008	12583	1046
2008	8642	582
2008	6230	775
2008	5478	340
2008	13351	6628
2008	414	229
2008	196	1137
2008	199	1386
2008	208	310
2008	503	2178
2008	785	1143
2008	949	1141
2008	416	3132
2008	1260	491
2008	1364	465
2008	1533	546
2008	2028	695
2008	997	688
2008	2744	501
2008	2970	1201
2008	3549	997
2008	4506	791
2008	418	1056
2008	430	560
2008	1001	529
2008	440	247
2008	2277	159
2008	1811	176
2008	961	5918
2008	858	1797
2008	225	449
2008	221	763
2008	16964	138
2008	455	4416
2008	3201	530
2008	1098	680
2008	888	284
2008	316	816
2008	549	1259
2008	456	16105
2008	4556	433
2008	285	26059
2008	1013	626
2008	550	908
2008	552	849
2008	557	809
2008	1014	478
2008	559	768
2008	563	706
2008	954	499
2008	573	653
2008	4625	10776
2008	4626	8833
2008	370	3435
2008	594	609
2008	503	2466
2008	1019	415
2008	710	1062
2008	1803	1356
2008	4162	545
2008	4695	568
2008	55	2783
2008	58	3234
2008	65	299
2008	634	889
2008	67	5180
2008	71	498
2008	1073	381
2008	72	1059
2008	635	750
2008	155	350
2008	638	487
2008	172	2282
2008	238	669
2008	298	344
2008	640	392
2008	546	982
2008	906	2130
2008	1122	399
2008	962	772
2008	16915	414
2008	1098	417
2008	714	310
2008	441	414
2008	226	837
2008	650	251
2008	662	166
2008	672	144
2008	675	141
2008	677	139
2008	389	393
2008	2083	461
2008	289	8738
2008	453	368
2008	2544	326
2008	3460	984
2008	3502	576
2008	238	967
2008	2145	303
2008	4852	1050
2008	1294	265
2008	1726	779
2008	4951	350
2008	67	429
2008	69	431
2008	75	227
2008	16892	127
2008	2121	80
2008	1414	77
2008	868	97
2008	418	219
2008	77	1963
2008	722	283
2008	16889	487
2008	16883	22
2008	16879	31
2008	16877	36
2008	16875	41
2008	16874	43
2008	16435	19
2008	13253	27
2008	10402	31
2008	9960	16
2008	6391	24
2008	4224	23
2008	4218	21
2008	4184	20
2008	3455	16
2008	1645	29
2008	174	273
2008	16853	194
2008	9566	520
2008	722	984
2008	1009	294
2008	1292	331
2008	1464	960
2008	3966	483
2008	16834	266
2008	16833	376
2008	4435	927
2008	2789	210
2008	2343	2096
2008	1669	267
2008	1520	142
2008	229	3037
2008	4075	1863
2008	4990	409
2008	4991	343
2008	4993	201
2008	65	157
2008	182	295
2008	203	234
2008	16709	806
2008	1836	370
2008	333	1464
2008	221	311
2008	229	227
2008	533	167
2008	14185	16702
2008	1384	101
2008	4996	291
2008	300	821
2008	378	254
2008	16778	1211
2008	12957	648
2008	498	555
2008	378	269
2008	499	352
2008	527	752
2008	815	480
2008	830	682
2008	930	284
2008	1541	2356
2008	16756	32
2008	1853	358
2008	16745	55
2008	16743	66
2008	11206	44
2008	4113	42
2008	2688	56
2008	2668	31
2008	1835	57
2008	603	62
2008	1	483
2008	8	175
2008	72	7386
2008	157	1261
2008	374	295
2008	375	2046
2008	1713	164
2008	1910	462
2008	2102	1024
2008	16721	32
2008	3324	689
2008	5076	1365
2008	5077	910
2008	5078	560
2008	5083	241
2008	5087	197
2008	5089	145
2008	5095	94
2008	5097	279
2008	917	2420
2008	5162	21
2008	1878	2190
2008	11217	2588
2008	9724	754
2008	52	68
2008	542	188
2008	854	340
2008	7776	193
2008	932	45
2008	9187	3597
2008	16698	449
2008	16697	481
2008	16696	517
2008	16695	689
2008	16498	653
2008	15923	1064
2008	8160	698
2008	8159	352
2008	7766	592
2008	6288	2148
2008	5891	528
2008	4316	2419
2008	957	79
2008	2222	1927
2008	8724	700
2008	330	1095
2008	250	768
2008	81	1069
2008	54	689
2008	1879	1179
2008	8264	2789
2008	1880	1097
2008	212	699
2008	225	427
2008	8047	4382
2008	7252	628
2008	5425	1582
2008	4750	1939
2008	4380	1666
2008	1231	1989
2008	4177	3891
2008	3127	1085
2008	2532	622
2008	3078	2688
2008	1859	1007
2008	1852	1047
2008	3259	357
2008	1881	938
2008	1882	792
2008	1768	1726
2008	208	598
2008	209	608
2008	1725	2232
2008	324	618
2008	8	587
2008	1553	954
2008	903	73771
2008	1045	1048
2008	1763	1602
2008	2591	201
2008	3205	396
2008	154	16312
2008	57	4318
2008	6600	4443
2008	498	3596
2008	4385	327
2008	5429	779
2008	1883	716
2008	65	377
2008	67	221
2008	289	427
2008	331	521
2008	538	257
2008	903	488
2008	1470	1221
2008	1048	408
2008	1884	691
2008	1556	351
2008	371	1103
2008	2668	521
2008	1609	484
2008	3200	212
2008	991	1753
2008	705	2804
2008	1255	63
2008	1269	74
2008	899	1950
2008	1885	593
2008	1288	365
2008	5347	170
2008	5348	67
2008	5358	168
2008	5491	342
2008	683	6308
2008	2605	397
2008	499	1017
2008	5492	244
2008	5495	120
2008	5499	100
2008	5500	97
2008	5501	96
2008	5504	85
2008	5505	84
2008	5507	83
2008	786	1694
2008	5514	72
2008	372	1069
2008	498	2235
2008	67	278
2008	374	708
2008	1886	572
2008	2815	626
2008	1090	1212
2008	1048	688
2008	716	1836
2008	432	453
2008	424	405
2008	207	1626
2008	154	8189
2008	65	10453
2008	5515	72
2008	399	1851
2008	3324	953
2008	5561	756
2008	1887	563
2008	1100	54
2008	631	36
2008	1888	544
2008	1889	476
2008	1866	310
2008	1684	156
2008	540	1166
2008	1890	438
2008	523	225
2008	488	401
2008	471	96
2008	403	129
2008	1891	430
2008	318	252
2008	293	108
2008	1892	384
2008	289	4850
2008	288	304
2008	67	730
2008	1893	377
2008	1894	347
2008	234	1456
2008	511	370
2008	562	378
2008	599	2315
2008	734	1479
2008	868	2962
2008	1249	1299
2008	1412	246
2008	1895	343
2008	1896	337
2008	1639	313
2008	1804	146
2008	2070	11492
2008	3478	22370
2008	4541	461
2008	5615	4179
2008	5617	1040
2008	5619	306
2008	1898	320
2008	1899	313
2008	5659	307
2008	18260	78
2008	5664	261
2008	5737	254
2008	5738	221
2008	18259	85
2008	5740	202
2008	5742	184
2008	14692	1017
2008	18258	98
2008	9821	809
2008	7639	1094
2008	18256	159
2008	1902	255
2008	2919	690
2008	1979	1613
2008	1974	539
2008	1870	1210
2008	1613	531
2008	7884	119
2008	1099	385
2008	1044	340
2008	605	3523
2008	517	1548
2008	6374	163
2008	1938	130
2008	512	1381
2008	497	252
2008	510	967
2008	499	357
2008	5492	264
2008	489	1181
2008	377	2731
2008	198	814
2008	7	587
2008	5743	180
2008	55	4954
2008	71	774
2008	97	580
2008	229	1504
2008	288	2247
2008	289	1467
2008	292	2486
2008	295	1103
2008	906	1813
2008	3866	1228
2008	289	9445
2008	225	2654
2008	5783	1160
2008	5784	982
2008	204	11567
2008	1524	1522
2008	289	13735
2008	207	11632
2008	300	866
2008	424	1342
2008	542	2497
2008	1160	345
2008	503	168
2008	1852	244
2008	1854	370
2008	6006	301
2008	88	264
2008	6055	74
2008	517	212
2008	4601	121
2008	16446	741
2008	1639	391
2008	1118	808
2008	1873	324
2008	1974	1275
2008	4595	74
2008	1975	1202
2008	1981	463
2008	2083	184
2008	1984	314
2008	1408	637
2008	1348	241
2008	19	374
2008	6076	744
2008	55	214
2008	30	782
2008	1396	330
2008	1394	439
2008	1191	122
2008	15881	120
2008	257	4772
2008	51	1962
2008	969	147
2008	757	312
2008	68	329
2008	546	115
2008	288	823
2008	91	217
2008	432	576
2008	289	2990
2008	229	163
2008	292	919
2008	294	1138
2008	308	170
2008	309	182
2008	333	254
2008	349	841
2008	790	624
2008	1451	223
2008	424	163
2008	2956	697
2008	6127	780
2008	159	642
2008	162	744
2008	190	505
2008	211	582
2008	212	1845
2008	418	1667
2008	433	1128
2008	438	751
2008	615	458
2008	624	729
2008	715	3375
2008	718	2767
2008	1164	1731
2008	1639	460
2008	441	205
2008	533	214
2008	1709	911
2008	1755	664
2008	1779	515
2008	2265	604
2008	2460	518
2008	3203	477
2008	376	629
2008	3747	639
2008	5416	594
2008	6137	976
2008	6139	896
2008	6141	728
2008	6142	655
2008	6143	608
2008	6144	593
2008	155	235
2008	6145	516
2008	4123	30
2008	6149	70
2008	6184	780
2008	51	71
2008	15	949
2008	16390	284
2008	289	1623
2008	292	404
2008	294	141
2008	377	609
2008	379	558
2008	620	298
2008	1835	446
2008	18235	42
2008	329	425
2008	724	159
2008	18232	82
2008	18230	213
2008	851	366
2008	877	386
2008	387	430
2008	18229	570
2008	16369	37
2008	16365	72
2008	8589	503
2008	6996	460
2008	4706	493
2008	2521	394
2008	2100	3607
2008	1919	591
2008	1104	429
2008	1098	419
2008	1044	635
2008	674	454
2008	546	402
2008	542	466
2008	390	432
2008	371	499
2008	300	499
2008	295	485
2008	292	400
2008	289	709
2008	288	539
2008	229	745
2008	157	840
2008	89	1198
2008	67	422
2008	58	475
2008	55	705
2008	7	432
2008	1149	153
2008	1713	238
2008	1384	76
2008	349	231
2008	1072	651
2008	391	367
2008	533	137
2008	190	1303
2008	187	182
2008	182	418
2008	173	331
2008	154	348
2008	72	7877
2008	65	290
2008	906	492
2008	392	364
2008	394	345
2008	986	568
2008	350	1146
2008	995	362
2008	354	747
2008	455	3009
2008	476	1759
2008	531	186
2008	997	470
2008	786	593
2008	67	2041
2008	65	336
2008	16257	116
2008	16253	136
2008	16250	144
2008	16248	151
2008	16245	166
2008	16242	174
2008	16239	177
2008	16238	185
2008	16237	188
2008	998	432
2008	16234	205
2008	14324	175
2008	9585	444
2008	1619	782
2008	6322	1459
2008	1098	696
2008	961	5599
2008	9818	286
2008	982	736
2008	965	453
2008	860	1067
2008	854	5668
2008	16208	766
2008	13416	7917
2008	12752	976
2008	11232	1298
2008	11230	2361
2008	10041	3279
2008	9931	1085
2008	8659	3925
2008	67	10833
2008	7661	6859
2008	7325	2286
2008	6852	1004
2008	4810	2909
2008	3673	1257
2008	157	8329
2008	2131	2434
2008	1888	2187
2008	173	6922
2008	1513	824
2008	1164	2291
2008	251	3070
2008	262	3640
2008	857	1403
2008	629	1654
2008	620	1553
2008	599	2643
2008	428	2350
2008	289	931
2008	206	900
2008	279	31594
2008	316	8954
2008	1155	2666
2008	1595	5251
2008	1613	2871
2008	2220	3887
2008	4732	2582
2008	4883	6470
2008	5186	4063
2008	5789	2562
2008	6373	30614
2008	6374	13597
2008	6375	12418
2008	6376	10085
2008	6377	5500
2008	6378	4421
2008	6379	3953
2008	6384	3291
2008	6385	3159
2008	6387	2745
2008	289	1662
2008	377	8011
2008	378	12882
2008	1686	1768
2008	2014	1966
2008	2944	3253
2008	4105	1425
2008	6391	5895
2008	6395	1784
2008	6399	1465
2008	6400	1407
2008	6402	1369
2008	2523	1673
2008	3746	396
2008	5226	76
2008	6475	83
2008	1713	48
2008	868	13333
2008	67	4706
2008	89	4060
2008	257	3043
2008	285	11477
2008	288	903
2008	289	712
2008	292	1215
2008	295	1637
2008	300	291
2008	312	397
2008	314	1547
2008	322	1171
2008	329	367
2008	525	412
2008	527	460
2008	543	576
2008	638	339
2008	4566	1262
2008	1001	2017
2008	61	351
2008	18552	219
2008	207	5735
2008	6311	463
2008	18208	624
2008	2652	825
2008	6568	282
2008	18695	31
2008	152	2237
2008	163	764
2008	186	1007
2008	1246	649
2008	439	1520
2008	229	724
2008	18693	33
2008	1073	557
2008	1089	200
2008	1502	198
2008	1890	428
2008	2026	1294
2008	2027	625
2008	16143	58
2008	909	17
2008	906	254
2008	800	67
2008	479	272
2008	462	14
2008	188	1305
2008	190	364
2008	227	1759
2008	506	1831
2008	920	1383
2008	964	851
2008	1413	249
2008	1837	366
2008	2006	1191
2008	2016	280
2008	2151	444
2008	2624	540
2008	2654	324
2008	3264	376
2008	3272	582
2008	3421	400
2008	3481	333
2008	3788	856
2008	4675	450
2008	4790	250
2008	6570	569
2008	6571	386
2008	6572	330
2008	6579	205
2008	67	1753
2008	1464	1629
2008	4880	12434
2008	16136	63
2008	6773	641
2008	2029	528
2008	2775	93
2008	6700	1967
2008	6701	1678
2008	6704	1318
2008	6705	1196
2008	6706	570
2008	67	639
2008	2030	415
2008	257	145
2008	288	2718
2008	289	7886
2008	291	209
2008	292	560
2008	295	1235
2008	302	75
2008	306	702
2008	310	459
2008	2031	374
2008	311	138
2008	314	371
2008	2033	326
2008	320	387
2008	327	464
2008	333	1813
2008	349	523
2008	525	1134
2008	543	269
2008	903	75
2008	907	86
2008	913	168
2008	2034	320
2008	2523	226
2008	4069	105
2008	2037	271
2008	2038	261
2008	2043	169
2008	397	3563
2008	2086	4464
2008	2087	3423
2008	2093	1483
2008	2104	786
2008	2111	704
2008	603	1202
2008	744	779
2008	1222	154
2008	1745	363
2008	2145	332
2008	2838	3811
2008	18206	5279
2008	6755	1801
2008	9716	8620
2008	9225	1992
2008	475	16374
2008	7419	1963
2008	3780	2294
2008	16097	471
2008	9829	308
2008	16075	1568
2008	569	410
2008	229	779
2008	6194	281
2008	2491	4392
2008	2473	3887
2008	1527	2208
2008	1418	2552
2008	1410	1992
2008	854	2265
2008	841	1553
2008	707	2999
2008	475	3488
2008	5079	689
2008	2146	323
2008	2149	296
2008	2153	210
2008	2158	157
2008	3753	224
2008	3081	150
2008	2161	133
2008	2174	83
2008	2217	859
2008	18145	1006
2008	15037	331
2008	16059	246
2008	2526	165
2008	10202	1248
2008	12964	100
2008	3700	537
2008	1672	336
2008	11652	127
2008	6667	123
2008	1804	729
2008	6582	107
2008	611	336
2008	5709	119
2008	5475	98
2008	1116	394
2008	3411	94
2008	989	1910
2008	969	1300
2008	538	428
2008	536	451
2008	498	1016
2008	424	347
2008	412	3088
2008	342	366
2008	300	2416
2008	298	343
2008	229	4263
2008	172	1824
2008	455	27287
2008	2691	323
2008	16039	717
2008	2839	1751
2008	898	1180
2008	498	15423
2008	190	625
2008	16025	415
2008	843	1105
2008	1180	124
2008	2667	2262
2008	2030	130
2008	1094	689
2008	800	194
2008	1332	157
2008	1222	91
2008	767	273
2008	697	280
2008	64	260
2008	3240	1916
2008	843	28851
2008	517	1965
2008	2219	477
2008	18692	34
2008	1045	313
2008	1044	134
2008	907	10846
2008	2228	279
2008	1034	265
2008	267	2265
2008	271	762
2008	276	669
2008	278	1226
2008	475	5431
2008	527	1506
2008	1402	777
2008	8068	181
2008	3237	915
2008	2616	455
2008	1090	131
2008	858	402
2008	425	138
2008	220	995
2008	461	5236
2008	3057	91
2008	472	65
2008	432	213
2008	207	260
2008	173	338
2008	1613	1477
2008	65	77
2008	1636	916
2008	2239	188
2008	2259	118
2008	1641	849
2008	163	1881
2008	2298	4449
2008	2300	1480
2008	2301	1375
2008	2304	1289
2008	2305	1226
2008	1839	1140
2008	2307	1197
2008	2308	1181
2008	2316	862
2008	2317	843
2008	2318	839
2008	2319	826
2008	2320	817
2008	2179	789
2008	2322	732
2008	2328	545
2008	2252	1635
2008	2334	515
2008	2336	497
2008	2904	1257
2008	2337	491
2008	4994	4842
2008	4225	3288
2008	3164	1016
2008	2850	2166
2008	808	343
2008	501	4428
2008	13716	139
2008	1804	74
2008	1103	60
2008	874	116
2008	620	375
2008	173	143
2008	500	207
2008	486	109484
2008	906	3004
2008	2906	4197
2008	2907	1493
2008	2910	1329
2008	362	964
2008	15974	612
2008	18689	38
2008	15968	78
2008	292	162
2008	15967	81
2008	233	260
2008	2913	1007
2008	18687	46
2008	18685	56
2008	7047	42
2008	138	104
2008	18548	1200
2008	10677	559
2008	2337	79
2008	911	133
2008	2915	1327
2008	1590	502
2008	1104	111
2008	726	143
2008	707	150
2008	18681	69
2008	517	63
2008	504	89
2008	535	1055
2008	234	120
2008	71	59
2008	70	84
2008	917	3967
2008	18680	70
2008	919	1818
2008	2916	1339
2008	2921	829
2008	1239	1005
2008	2927	1244
2008	18074	54
2008	923	1176
2008	18678	75
2008	925	1088
2008	926	812
2008	927	794
2008	929	682
2008	172	91
2008	930	633
2008	2024	754
2008	190	575
2008	931	522
2008	935	433
2008	356	198
2008	511	100
2008	2930	1054
2008	734	119
2008	938	328
2008	735	102
2008	943	279
2008	1122	120
2008	1002	11
2008	1007	9
2008	1244	142
2008	1415	84
2008	2436	444
2008	1024	7
2008	2438	302
2008	18677	82
2008	2440	273
2008	2931	714
2008	2442	236
2008	6619	1972
2008	188	1383
2008	6620	957
2008	2445	189
2008	6626	718
2008	2447	163
2008	6631	749
2008	2448	160
2008	6885	4406
2008	6886	3196
2008	6887	2545
2008	6888	1780
2008	6889	1333
2008	2450	136
2008	6890	1285
2008	2451	132
2008	2453	123
2008	6891	1102
2008	18673	97
2008	6892	1094
2008	2454	122
2008	6893	1050
2008	6894	1034
2008	2455	120
2008	1109	3338
2008	2459	99
2008	6895	1030
2008	2467	90
2008	6896	981
2008	2468	89
2008	6897	976
2008	6898	972
2008	6899	930
2008	6900	921
2008	748	246
2008	6901	819
2008	6902	778
2008	6903	751
2008	6904	712
2008	3405	284
2008	2003	281
2008	944	165
2008	506	863
2008	188	1644
2008	186	197
2008	163	366
2008	152	1093
2008	631	3481
2008	859	676
2008	6905	674
2008	2026	7662
2008	223	414
2008	440	1442
2008	441	943
2008	12651	133
2008	4920	64
2008	2470	3616
2008	3568	158
2008	2523	72
2008	1244	61
2008	910	156
2008	517	90
2008	469	339
2008	462	60
2008	459	181
2008	457	183
2008	456	1201
2008	455	4141
2008	2472	1691
2008	292	180
2008	289	2274
2008	257	243
2008	250	117
2008	220	116
2008	207	157
2008	67	299
2008	15839	811
2008	606	1132
2008	12145	878
2008	18671	110
2008	10565	1085
2008	8933	2637
2008	7375	914
2008	7374	1802
2008	2481	855
2008	4225	993
2008	2493	475
2008	89	17
2008	3053	1222
2008	2542	711
2008	1504	3852
2008	1418	1479
2008	1412	1169
2008	859	798
2008	441	3651
2008	424	1110
2008	418	823
2008	383	1393
2008	1633	676
2008	1957	799
2008	159	1585
2008	51	63
2008	15834	592
2008	2815	421
2008	3691	357
2008	68	37
2008	1054	209
2008	966	169
2008	908	328
2008	498	148
2008	493	123
2008	486	258
2008	292	637
2008	289	1589
2008	85	16
2008	15813	132
2008	6906	917
2008	6910	675
2008	15812	310
2008	13266	380
2008	12129	3193
2008	11724	1082
2008	8995	1010
2008	5000	4558
2008	4068	338
2008	2523	438
2008	1414	286
2008	1047	632
2008	906	655
2008	801	384
2008	728	1163
2008	296	498
2008	187	2407
2008	95	1215
2008	77	4916
2008	67	399
2008	51	21572
2008	99	12
2008	3264	3025
2008	4734	193
2008	2369	594
2008	15798	123
2008	163	396
2008	2765	202
2008	1141	209
2008	15792	169
2008	5082	1489
2008	4171	460
2008	1919	1266
2008	1910	600
2008	15780	841
2008	14757	304
2008	14752	139
2008	1528	451
2008	14744	307
2008	5871	117
2008	2824	1982
2008	957	1205
2008	930	525
2008	924	437
2008	187	111
2008	75	142
2008	918	749
2008	72	352698
2008	843	1136
2008	813	968
2008	6915	90
2008	187	112009
2008	15768	396
2008	15767	533
2008	15766	816
2008	15765	921
2008	7054	935
2008	6282	361
2008	3774	3020
2008	500	2355
2008	6936	77
2008	3763	562
2008	212	274
2008	3470	1329
2008	2440	516
2008	215	21
2008	2023	374
2008	18669	144
2008	1689	1157
2008	7031	188
2008	1686	577
2008	1412	20923
2008	4251	1001
2008	1372	1565
2008	7062	819
2008	1358	1656
2008	1339	422
2008	7066	27
2008	951	1370
2008	18008	94
2008	631	1512
2008	18736	879
2008	707	1523
2008	536	1165
2008	18004	187
2008	481	433
2008	447	695
2008	380	1702
2008	230	586
2008	221	640
2008	198	759
2008	176	1814
2008	155	980
2008	9823	1217
2008	8592	2908
2008	2544	2307
2008	1633	1477
2008	1510	3741
2008	10327	123
2008	1400	1312
2008	962	3605
2008	440	1466
2008	434	1423
2008	433	1641
2008	225	929
2008	212	910
2008	195	1214
2008	190	1100
2008	187	242
2008	710	400
2008	1358	1354
2008	53	420
2008	418	1875
2008	603	207
2008	1098	379
2008	1700	252
2008	1736	307
2008	3827	182
2008	7121	379
2008	15742	565
2008	8287	66
2008	6376	4288
2008	227	52
2008	2083	948
2008	349	136
2008	316	185
2008	310	8355
2008	299	517
2008	295	1401
2008	258	4301
2008	55	7953
2008	511	17403
2008	734	253
2008	889	489
2008	1242	1078
2008	1772	6050
2008	7187	191
2008	233	434
2008	1889	754
2008	5425	292
2008	188	167
2008	488	787
2008	67	243
2008	70	243
2008	65	605
2008	220	10
2008	332	34
2008	952	17
2008	966	28
2008	982	11
2008	999	27
2008	1076	14
2008	2551	44
2008	72	28153
2008	289	7773
2008	1009	456
2008	1099	2021
2008	1394	125
2008	15687	2444
2008	163	22659
2008	1401	1806
2008	2509	118
2008	7294	568
2008	7298	427
2008	1090	150
2008	1652	232
2008	3617	124
2008	1206	2437
2008	7383	36
2008	230	284
2008	903	303
2008	959	349
2008	1097	266
2008	1112	951
2008	1772	415
2008	1804	378
2008	1980	217
2008	2632	2487
2008	6540	280
2008	7250	371
2008	7323	425
2008	7425	757
2008	7426	755
2008	7439	227
2008	72	4577
2008	1072	829
2008	5483	3
2008	190	312
2008	504	471
2008	522	2245
2008	959	867
2008	11979	779
2008	6724	1043
2008	1295	73
2008	1914	328
2008	2554	31
2008	2556	20
2008	4317	87
2008	2562	14
2008	1222	790
2008	2568	11
2008	2571	10
2008	432	209
2008	755	1588
2008	2573	2351
2008	2577	1039
2008	6282	169
2008	7454	274
2008	2582	681
2008	2587	274
2008	65	443
2008	2680	554
2008	2685	715
2008	15643	106
2008	15641	134
2008	2700	1931
2008	2710	1017
2008	2718	754
2008	15637	402
2008	2733	483
2008	7259	103
2008	4541	109
2008	2668	106
2008	1888	365
2008	1837	644
2008	879	361
2008	874	616
2008	863	253
2008	733	124
2008	289	12705
2008	212	149
2008	285	1074
2008	432	213
2008	15596	266
2008	14511	2651
2008	969	988
2008	331	1841
2008	2060	101
2008	2043	82
2008	1191	231
2008	2810	947
2008	852	311
2008	1332	2064
2008	7511	806
2008	207	263
2008	227	588
2008	429	628
2008	533	268
2008	857	697
2008	2029	907
2008	3382	309
2008	3905	486
2008	5235	1031
2008	5236	260
2008	5237	937
2008	5238	288
2008	5247	348
2008	5789	393
2008	7524	679
2008	7525	678
2008	7526	643
2008	7527	584
2008	7528	570
2008	7529	546
2008	7531	506
2008	7534	452
2008	7535	452
2008	7536	448
2008	7538	361
2008	7541	303
2008	7543	292
2008	7546	288
2008	546	94
2008	67	365
2008	7547	276
2008	7548	272
2008	7549	264
2008	7550	258
2008	7551	257
2008	4062	64
2008	7556	74
2008	355	698
2008	294	2187
2008	289	22170
2008	89	12350
2008	7557	70
2008	7559	60
2008	7562	42
2008	7564	33
2008	7566	29
2008	7571	25
2008	7586	14
2008	7587	14
2008	288	45
2008	486	190
2008	680	54
2008	5236	39
2008	7613	49
2008	7662	286
2008	121	149
2008	1167	168
2008	1943	256
2008	6004	180
2008	4876	427
2008	7683	203
2008	7688	179
2008	1534	386
2008	7689	170
2008	1300	1041
2008	1292	588
2008	7694	140
2008	487	266
2008	10	366
2008	2	455
2008	917	8130
2008	2819	359
2008	2820	356
2008	2829	230
2008	89	6260
2008	918	7200
2008	1339	727
2008	2833	10
2008	198	48199
2008	957	5530
2008	374	252
2008	1210	290
2008	17978	559
2008	8239	403
2008	447	1065
2008	2916	383
2008	1229	235
2008	18527	104
2008	51	1244
2008	55	405
2008	17967	414
2008	59	653
2008	67	540
2008	17961	670
2008	72	3365
2008	209	210
2008	91	641
2008	96	234
2008	7695	659
2008	18526	109
2008	2671	362
2008	18525	114
2008	18668	161
2008	100	232
2008	157	430
2008	1943	319
2008	537	1085
2008	1043	426
2008	2347	270
2008	2344	109
2008	1672	138
2008	1104	445
2008	952	261
2008	707	362
2008	706	965
2008	533	229
2008	176	118
2008	1186	7098
2008	2840	4708
2008	6196	1787
2008	707	331
2008	917	264
2008	959	445
2008	1073	311
2008	1358	451
2008	180	385
2008	1369	674
2008	15454	1324
2008	1527	349
2008	187	568
2008	17958	245
2008	1116	2883
2008	15325	223
2008	4124	343
2008	5301	432
2008	6264	313
2008	7047	310
2008	7791	728
2008	7794	457
2008	7795	421
2008	7796	387
2008	7798	366
2008	7801	336
2008	7803	314
2008	7805	297
2008	2044	7652
2008	1099	35
2008	15119	273
2008	9978	155
2008	18667	161
2008	10799	428
2008	11084	223
2008	2840	1056
2008	15426	876
2008	15424	1306
2008	15423	1553
2008	12154	1397
2008	12104	714
2008	10617	1161
2008	7832	684
2008	2840	2081
2008	2660	1327
2008	1375	1543
2008	728	2692
2008	7530	412
2008	6282	194
2008	323	1862
2008	289	4281
2008	3494	292
2008	15420	383
2008	3462	298
2008	3193	317
2008	3063	329
2008	4260	546
2008	9263	994
2008	1976	515
2008	1424	493
2008	2458	225
2008	2101	249
2008	2086	487
2008	8405	229
2008	1501	199
2008	18666	263
2008	1349	352
2008	863	854
2008	1249	247
2008	1246	271
2008	1206	253
2008	1154	492
2008	1121	184
2008	5079	690
2008	10428	480
2008	424	242
2008	1989	772
2008	17982	76
2008	1237	213
2008	375	227
2008	234	591
2008	230	245
2008	227	676
2008	198	251
2008	4155	197
2008	2038	314
2008	173	224
2008	163	236
2008	1712	137
2008	67	252
2008	1704	717
2008	56	876
2008	11676	43
2008	1601	1343
2008	1556	889
2008	1339	211
2008	1505	1362
2008	8699	58
2008	1300	1045
2008	1114	1139
2008	1300	606
2008	465	372
2008	292	1751
2008	289	8633
2008	285	1611
2008	15371	285
2008	15368	419
2008	8715	2122
2008	4704	253
2008	3202	291
2008	3057	360
2008	2277	1399
2008	1098	536
2008	430	653
2008	333	739
2008	234	143
2008	163	273
2008	1249	917
2008	1415	1811
2008	1778	1347
2008	1098	1736
2008	1813	2400
2008	1081	2227
2008	8445	285
2008	930	2091
2008	1104	222
2008	903	1040
2008	714	951
2008	15339	6
2008	923	106
2008	701	1798
2008	680	963
2008	726	208
2008	2898	2922
2008	3620	4181
2008	4675	3697
2008	5441	1193
2008	5844	3552
2008	7881	3894
2008	65	1249
2008	534	1164
2008	199	1238
2008	498	177
2008	691	746
2008	1046	249
2008	3411	438
2008	5927	496
2008	7886	365
2008	7888	341
2008	7895	195
2008	7897	179
2008	518	1148
2008	7	312
2008	89	361
2008	15318	172
2008	15317	178
2008	15316	187
2008	15315	188
2008	15311	373
2008	15310	443
2008	15309	474
2008	15307	973
2008	13650	709
2008	13092	311
2008	11209	644
2008	11206	297
2008	11126	197
2008	9766	196
2008	7493	393
2008	7468	390
2008	4865	339
2008	3520	232
2008	2677	1096
2008	2673	827
2008	2672	259
2008	2671	736
2008	2668	467
2008	2667	600
2008	2605	217
2008	2161	255
2008	2146	372
2008	1965	782
2008	1835	416
2008	1745	419
2008	1222	1196
2008	772	560
2008	756	409
2008	753	212
2008	748	912
2008	603	2177
2008	444	295
2008	418	357
2008	257	20168
2008	465	1359
2008	173	829
2008	333	995
2008	189	252
2008	316	2238
2008	190	1009
2008	191	880
2008	204	340
2008	209	13816
2008	288	327
2008	311	1038
2008	289	507
2008	291	299
2008	331	341
2008	333	393
2008	310	1053
2008	302	1747
2008	371	1017
2008	301	927
2008	300	1433
2008	377	1223
2008	504	963
2008	295	1304
2008	294	1438
2008	292	2284
2008	289	3280
2008	285	1151
2008	265	2114
2008	257	2532
2008	378	622
2008	403	931
2008	180	2730
2008	405	304
2008	408	404
2008	1250	320
2008	472	299
2008	166	2199
2008	481	680
2008	157	3627
2008	486	673
2008	488	1057
2008	97	949
2008	490	239
2008	67	3332
2008	497	268
2008	498	421
2008	518	491
2008	537	1082
2008	538	345
2008	680	349
2008	966	430
2008	1091	495
2008	1179	241
2008	1186	281
2008	12555	114
2008	7077	209
2008	5966	176
2008	5237	409
2008	3892	271
2008	3753	240
2008	2606	123
2008	2600	175
2008	1633	149
2008	1517	124
2008	1510	138
2008	1400	231
2008	1384	172
2008	1151	114
2008	1048	232
2008	971	424
2008	898	300
2008	768	216
2008	757	136
2008	533	1020
2008	498	160
2008	441	158
2008	432	292
2008	420	115
2008	418	399
2008	229	149
2008	227	677
2008	221	717
2008	207	495
2008	81	121
2008	15261	184
2008	7638	335
2008	7260	2053
2008	6137	620
2008	5421	225
2008	5306	705
2008	5079	467
2008	2938	249
2008	2616	270
2008	2600	385
2008	1513	263
2008	1231	713
2008	1154	277
2008	1109	622
2008	932	310
2008	903	489
2008	859	184
2008	840	203
2008	716	186
2008	705	238
2008	604	168
2008	441	627
2008	439	783
2008	429	201
2008	424	297
2008	389	176
2008	383	172
2008	227	258
2008	225	382
2008	199	211
2008	187	314
2008	166	403
2008	154	777
2008	59	319
2008	1246	301
2008	1377	375
2008	1378	327
2008	1470	518
2008	1265	67
2008	65	919
2008	55	2149
2008	1270	63
2008	15250	602
2008	192	180
2008	193	327
2008	253	262
2008	1280	56
2008	32	411
2008	268	693
2008	15241	37
2008	1890	25
2008	40	27
2008	8136	310
2008	6054	352
2008	89	10733
2008	1852	880
2008	1854	365
2008	1863	435
2008	2941	650
2008	2956	303
2008	3373	360
2008	3859	1051
2008	4177	287
2008	15220	627
2008	15218	7919
2008	7777	732
2008	5785	479
2008	4810	842
2008	4559	1176
2008	4385	512
2008	3373	839
2008	3273	588
2008	3081	585
2008	3079	1306
2008	2852	399
2008	1390	759
2008	1242	397
2008	1047	1702
2008	540	1341
2008	481	548
2008	461	985
2008	34	1585
2008	430	1109
2008	412	664
2008	333	3727
2008	8439	114
2008	291	451
2008	8436	45
2008	230	1078
2008	227	1425
2008	8425	51
2008	209	1018
2008	191	605
2008	395	319
2008	190	1217
2008	89	1978
2008	3621	1831
2008	1184	340
2008	1075	649
2008	768	3044
2008	486	506
2008	217	1370
2008	45	1786
2008	2521	2094
2008	972	643
2008	67	9630
2008	6961	548
2008	6006	602
2008	12	1746
2008	2952	193
2008	5105	115
2008	4800	129
2008	2791	131
2008	1119	189
2008	2331	46
2008	2312	158
2008	724	3386
2008	710	1058
2008	198	479
2008	294	184
2008	1109	241
2008	23	1000
2008	152	3775
2008	163	2742
2008	176	1460
2008	188	8497
2008	812	1581
2008	841	922
2008	918	6423
2008	923	12420
2008	949	846
2008	953	862
2008	1104	5786
2008	1131	2720
2008	1358	2168
2008	1369	6568
2008	1712	2580
2008	2006	2962
2008	2151	1216
2008	2469	1950
2008	2654	1388
2008	2772	970
2008	2963	5657
2008	3280	2723
2008	377	223
2008	3788	930
2008	4163	1024
2008	4669	1908
2008	5157	2250
2008	5605	1558
2008	7713	1617
2008	7900	2170
2008	7901	1814
2008	7902	1217
2008	7905	932
2008	3	37
2008	6	221
2008	28	48
2008	47	41
2008	48	47
2008	188	210
2008	841	82
2008	918	244
2008	947	58
2008	949	89
2008	467	196
2008	1214	122
2008	1259	38
2008	1276	305
2008	1710	349
2008	3438	100
2008	3660	39
2008	3806	132
2008	4265	178
2008	4266	45
2008	4280	59
2008	14459	325
2008	4980	1670
2008	1098	909
2008	533	597
2008	444	107
2008	418	268
2008	203	1266
2008	173	185
2008	7914	339
2008	7918	181
2008	7920	136
2008	7922	103
2008	7940	285
2008	250	2620
2008	11598	910
2008	8067	1104
2008	717	1448
2008	565	2303
2008	1556	5290
2008	903	2321
2008	468	1192
2008	301	6551
2008	294	2256
2008	569	430
2008	257	4804
2008	730	226
2008	239	3736
2008	575	526
2008	580	2032
2008	581	2781
2008	583	415
2008	728	2069
2008	1422	1025
2008	1976	1984
2008	2893	1043
2008	2894	1305
2008	2896	443
2008	3024	765
2008	4543	668
2008	5660	3435
2008	7056	874
2008	8108	3080
2008	8110	2367
2008	38	404
2008	1020	196
2008	1066	366
2008	994	267
2008	997	264
2008	998	542
2008	999	299
2008	1001	894
2008	1004	488
2008	1008	285
2008	1014	754
2008	1293	1097
2008	1294	1046
2008	1295	969
2008	8111	1701
2008	8112	1550
2008	8113	1533
2008	8114	1215
2008	8115	1132
2008	8118	851
2008	8119	840
2008	8120	831
2008	8121	820
2008	8122	781
2008	8123	696
2008	8124	592
2008	8126	581
2008	64	124
2008	72	1232
2008	81	48
2008	15094	1524
2008	1026	203
2008	489	292
2008	64	291
2008	159	51
2008	182	318
2008	187	439
2008	190	322
2008	238	261
2008	857	83
2008	997	23
2008	998	586
2008	1089	141
2008	1513	21
2008	3768	143
2008	4308	438
2008	4382	116
2008	8140	108
2008	154	18414
2008	14986	15345
2008	211	1833
2008	5391	15948
2008	55	366
2008	1883	347
2008	1296	927
2008	1297	845
2008	1298	777
2008	525	40
2008	1384	102
2008	1151	218
2008	302	576
2008	299	74
2008	229	795
2008	72	8402
2008	1892	477
2008	217	5677
2008	433	722
2008	440	2895
2008	683	1150
2008	859	4257
2008	1378	1147
2008	2407	1160
2008	3693	818
2008	4118	1421
2008	89	414
2008	67	2622
2008	2031	357
2008	55	320
2008	1299	730
2008	1300	591
2008	2183	406
2008	17904	337
2008	17903	427
2008	17900	619
2008	18706	679
2008	10033	629
2008	8151	336
2008	8705	382
2008	7663	387
2008	1854	988
2008	3281	281
2008	757	319
2008	620	334
2008	53	181
2008	154	884
2008	2554	538
2008	17890	52
2008	17886	159
2008	13085	634
2008	13012	34
2008	618	41
2008	67	3423
2008	9487	743
2008	2277	1475
2008	5602	300
2008	1145	147
2008	229	1089
2008	289	23931
2008	441	76
2008	14805	1279
2008	14801	4546
2008	12168	4893
2008	7650	7689
2008	7354	2674
2008	4155	3096
2008	4115	1116
2008	3475	2050
2008	3400	3740
2008	2524	13459
2008	1988	4391
2008	1650	2674
2008	159	68
2008	1520	7157
2008	1515	3292
2008	1104	1576
2008	1090	3671
2008	1048	1790
2008	959	1066
2008	540	3251
2008	481	1154
2008	377	2393
2008	209	2032
2008	72	41
2008	207	4153
2008	790	590
2008	8250	258
2008	3674	1206
2008	1064	5321
2008	2933	795
2008	2934	365
2008	8256	94
2008	2935	341
2008	11589	850
2008	6032	678
2008	3686	1418
2008	2268	567
2008	2139	1813
2008	1155	1070
2008	435	597
2008	433	770
2008	232	1491
2008	196	1255
2008	65	588
2008	228	798
2008	512	1566
2008	805	844
2008	455	12258
2008	377	4412
2008	1684	184
2008	1459	132
2008	906	772
2008	681	228
2008	680	157
2008	808	1277
2008	461	289
2008	349	321
2008	325	215
2008	293	405
2008	289	1310
2008	288	620
2008	285	255
2008	89	366
2008	182	222
2008	2936	319
2008	2937	278
2008	2938	267
2008	1406	553
2008	1470	393
2008	2939	191
2008	7	102
2008	63	784
2008	2668	354
2008	2398	408
2008	2775	723
2008	3670	564
2008	4222	332
2008	4826	378
2008	5444	1096
2008	5605	1559
2008	5631	430
2008	6602	421
2008	8262	1253
2008	8263	887
2008	8267	625
2008	8268	623
2008	8269	610
2008	8270	603
2008	8271	589
2008	8272	538
2008	8273	529
2008	8274	520
2008	8275	517
2008	8276	419
2008	8278	343
2008	8279	335
2008	8280	324
2008	157	4868
2008	265	21338
2008	333	5049
2008	954	2865
2008	1130	3407
2008	3501	37419
2008	8286	2764
2008	162	983
2008	234	1605
2008	333	528
2008	490	937
2008	72	16424
2008	173	1722
2008	1755	695
2008	227	937
2008	1301	543
2008	17848	436
2008	17847	716
2008	1302	524
2008	1303	481
2008	15994	581
2008	190	826
2008	9926	93
2008	6452	411
2008	2786	192
2008	1304	454
2008	1306	385
2008	1307	337
2008	1312	286
2008	1313	275
2008	3258	278
2008	982	508
2008	440	649
2008	425	341
2008	412	395
2008	1315	272
2008	499	934
2008	1021	28
2008	486	48
2008	456	14
2008	299	26
2008	291	21
2008	161	13
2008	808	960
2008	816	852
2008	2661	485
2008	228	254
2008	88	599
2008	10214	579
2008	9404	1035
2008	4891	1002
2008	5027	443
2008	4618	319
2008	5310	3598
2008	1317	255
2008	3744	402
2008	1062	932
2008	972	316
2008	3575	1258
2008	8305	459
2008	1684	999
2008	360	930
2008	542	333
2008	908	591
2008	718	6290
2008	5267	32200
2008	450	346
2008	498	4115
2008	441	483
2008	8318	540
2008	436	593
2008	430	327
2008	429	933
2008	461	1518
2008	425	766
2008	378	610
2008	233	2311
2008	221	303
2008	1048	11004
2008	173	1110
2008	333	5054
2008	1276	765
2008	166	1082
2008	81	442
2008	59	412
2008	207	10617
2008	15903	261
2008	4271	3625
2008	300	1248
2008	8323	393
2008	3187	584
2008	8324	286
2008	8329	94
2008	2462	481
2008	498	666
2008	289	5274
2008	1319	251
2008	288	1677
2008	8334	27
2008	1320	233
2008	11794	2835
2008	3988	412
2008	3302	266
2008	2469	225
2008	1892	180
2008	187	424
2008	1413	218
2008	7103	358
2008	1013	1846
2008	1005	283
2008	1322	223
2008	1001	2677
2008	997	1476
2008	993	3978
2008	863	699
2008	5459	455
2008	715	884
2008	612	317
2008	441	405
2008	4343	399
2008	253	232
2008	187	1429
2008	182	343
2008	159	1857
2008	4286	382
2008	99	597
2008	95	308
2008	75	2344
2008	72	2496
2008	68	1099
2008	51	332
2008	8345	6
2008	710	6225
2008	8347	1162
2008	14595	276
2008	14594	373
2008	14593	373
2008	14591	1650
2008	3199	1518
2008	2102	45544
2008	2094	594
2008	3088	429
2008	1906	1878
2008	1556	314
2008	954	595
2008	349	655
2008	318	590
2008	299	546
2008	289	2861
2008	288	932
2008	285	336
2008	257	2215
2008	67	1205
2008	14588	1236
2008	12793	1180
2008	12792	1296
2008	7835	902
2008	2850	1073
2008	1201	1273
2008	1180	658
2008	500	464
2008	498	5073
2008	1179	1424
2008	13553	126
2008	8388	35323
2008	6706	341
2008	3383	212
2008	3332	517
2008	257	380
2008	14561	1011
2008	6726	633
2008	5453	657
2008	3902	1590
2008	1109	2873
2008	227	7572
2008	81	956
2008	208	461
2008	227	1733
2008	17787	216
2008	4136	593
2008	412	831
2008	13468	2347
2008	8244	428
2008	3373	368
2008	534	384
2008	2961	410
2008	14534	403
2008	14529	529
2008	14528	642
2008	14526	712
2008	14525	718
2008	12987	427
2008	11724	1121
2008	6232	746
2008	3266	612
2008	3119	1123
2008	2615	405
2008	2500	989
2008	1098	1020
2008	530	460
2008	157	701
2008	1672	289
2008	2370	226
2008	1201	566
2008	1198	273
2008	1048	932
2008	1043	365
2008	687	763
2008	606	660
2008	961	778
2008	8307	84
2008	6298	670
2008	3749	197
2008	1866	467
2008	498	575
2008	481	335
2008	982	386
2008	8499	1488
2008	8504	435
2008	52	801
2008	238	604
2008	418	1157
2008	964	861
2008	1824	692
2008	300	215
2008	2594	721
2008	2654	478
2008	1062	214
2008	8590	17
2008	182	1895
2008	830	1513
2008	1672	32460
2008	6249	706
2008	288	836
2008	889	367
2008	163	220
2008	418	621
2008	1378	1205
2008	8422	124
2008	2850	243
2008	1377	341
2008	813	523
2008	229	597
2008	225	333
2008	159	1080
2008	65	1629
2008	10608	291
2008	9183	271
2008	7340	902
2008	6505	242
2008	4817	146
2008	1444	906
2008	1436	198
2008	1047	150
2008	681	295
2008	674	788
2008	641	161
2008	484	414
2008	476	306
2008	474	224
2008	468	206
2008	386	167
2008	344	662
2008	331	365
2008	330	447
2008	327	1148
2008	321	447
2008	310	232
2008	304	1592
2008	301	170
2008	300	643
2008	295	239
2008	294	497
2008	292	322
2008	290	284
2008	288	657
2008	257	168
2008	157	161
2008	89	492
2008	67	331
2008	8707	537
2008	154	597
2008	225	1183
2008	422	1176
2008	439	1080
2008	229	2317
2008	3032	207
2008	228	2485
2008	265	3264
2008	227	3722
2008	217	1318
2008	288	479
2008	959	787
2008	1800	75
2008	748	752
2008	8758	496
2008	8769	317
2008	8770	86
2008	289	25118
2008	299	3434
2008	8777	210
2008	297	864
2008	405	3882
2008	481	2597
2008	536	1145
2008	1090	518
2008	1047	15114
2008	1186	4023
2008	221	1026
2008	2014	414
2008	1246	1973
2008	2424	2568
2008	1949	817
2008	1777	218
2008	211	1134
2008	205	1729
2008	199	947
2008	2150	890
2008	1359	1047
2008	8350	1633
2008	3684	935
2008	3919	2500
2008	5729	1622
2008	6859	1660
2008	8796	2414
2008	8797	1159
2008	13296	2646
2008	1872	1212
2008	1433	3302
2008	971	358
2008	2956	393
2008	14306	29
2008	8826	301
2008	89	260
2008	329	560
2008	498	488
2008	8883	1136
2008	8966	176
2008	72	158
2008	227	141
2008	732	20
2008	987	19
2008	2343	60
2008	2554	43
2008	2558	64
2008	2936	12
2008	3501	53
2008	3674	36
2008	4180	13
2008	5744	21
2008	8988	155
2008	8989	80
2008	2921	791
2008	8992	43
2008	8993	24
2008	486	847
2008	2738	315
2008	1874	539
2008	7078	594
2008	1672	2767
2008	1200	1379
2008	808	1074
2008	1320	579
2008	487	775
2008	55	4473
2008	293	562
2008	299	1643
2008	322	978
2008	1339	2708
2008	707	590
2008	706	194
2008	519	3177
2008	500	848
2008	1114	1959
2008	488	1977
2008	378	1067
2008	328	1252
2008	14238	355
2008	456	1883
2008	486	189
2008	467	828
2008	707	229
2008	543	553
2008	954	109
2008	646	737
2008	1044	89
2008	787	2425
2008	891	1204
2008	1596	678
2008	1061	270
2008	2376	670
2008	3570	4736
2008	65	698
2008	171	1333
2008	191	1286
2008	210	432
2008	291	728
2008	307	466
2008	342	760
2008	362	2196
2008	501	824
2008	1375	1379
2008	1377	6476
2008	1470	2380
2008	1866	443
2008	2840	1955
2008	3255	549
2008	3749	819
2008	3050	129
2008	3753	1871
2008	3756	514
2008	3051	122
2008	4177	857
2008	4488	600
2008	9079	1788
2008	3053	110
2008	9083	960
2008	9084	650
2008	196	2042
2008	9127	381
2008	289	5554
2008	349	471
2008	793	208
2008	705	2157
2008	708	5069
2008	89	4111
2008	1104	518
2008	289	440
2008	65	3017
2008	1066	1128
2008	1300	6766
2008	3184	1683
2008	182	508
2008	206	599
2008	207	883
2008	546	783
2008	1048	1620
2008	1090	724
2008	294	551
2008	1400	473
2008	3871	383
2008	444	896
2008	1196	8
2008	1486	767
2008	1934	511
2008	1982	672
2008	3237	1523
2008	318	174
2008	4706	993
2008	538	618
2008	1459	376
2008	5045	2197
2008	5428	618
2008	9160	1454
2008	9162	624
2008	726	2273
2008	966	323
2008	1470	2064
2008	67	1085
2008	167	897
2008	3078	1297
2008	3749	452
2008	289	3277
2008	296	2372
2008	323	859
2008	2102	1108
2008	1264	307
2008	55	1728
2008	89	911
2008	298	665
2008	289	4866
2008	1098	5708
2008	523	144
2008	638	949
2008	791	516
2008	1135	1694
2008	794	540
2008	14121	1292
2008	4	562
2008	8	245
2008	4136	583
2008	173	725
2008	374	266
2008	5089	468
2008	518	2021
2008	9236	1114
2008	195	538
2008	955	1344
2008	621	622
2008	9237	899
2008	602	611
2008	622	716
2008	3249	2358
2008	59	470
2008	1083	498
2008	3277	252
2008	987	926
2008	2079	2625
2008	2444	1500
2008	9238	890
2008	51	3127
2008	14071	5075
2008	14020	229
2008	98	3774
2008	1083	1135
2008	1799	1352
2008	2937	467
2008	14063	374
2008	11589	486
2008	6836	127
2008	5925	145
2008	4069	158
2008	2584	526
2008	1944	155
2008	622	329
2008	604	174
2008	602	144
2008	223	157
2008	211	271
2008	5833	988
2008	89	1465
2008	195	583
2008	198	2460
2008	199	1013
2008	206	733
2008	209	1153
2008	14058	144
2008	212	585
2008	220	667
2008	226	738
2008	233	2859
2008	234	1014
2008	1372	469
2008	924	381
2008	706	395
2008	226	550
2008	190	258
2008	278	1001
2008	344	2491
2008	512	1006
2008	517	1005
2008	554	1015
2008	706	1803
2008	707	3434
2008	718	2904
2008	841	2938
2008	856	604
2008	918	1085
2008	964	1025
2008	1412	1430
2008	1613	592
2008	2083	574
2008	2532	737
2008	2546	1103
2008	5667	1007
2008	8945	1405
2008	49	949
2008	233	1582
2008	486	6697
2008	959	1688
2008	965	2840
2008	1001	668
2008	1019	833
2008	1378	521
2008	1713	3054
2008	9261	1363
2008	9262	1256
2008	65	1626
2008	209	1082
2008	349	160
2008	511	1530
2008	9333	138
2008	151	421
2008	377	505
2008	4865	471
2008	5329	667
2008	9356	595
2008	9358	549
2008	70	3118
2008	184	1113
2008	265	2641
2008	279	1441
2008	294	1244
2008	953	527
2008	13981	6303
2008	17661	962
2008	8420	429
2008	295	1609
2008	4971	319
2008	4620	510
2008	1639	264
2008	930	6619
2008	2339	507
2008	1772	333
2008	12816	595
2008	1412	1723
2008	1411	770
2008	923	2841
2008	917	780
2008	806	336
2008	712	494
2008	6995	470
2008	503	288
2008	212	324
2008	163	31019
2008	837	352
2008	13967	1341
2008	6748	849
2008	4821	2998
2008	3444	349
2008	3364	837
2008	2637	502
2008	2493	434
2008	1974	433
2008	1610	295
2008	920	1766
2008	917	450
2008	518	1853
2008	1114	1568
2008	824	520
2008	1921	1003
2008	2044	1564
2008	2047	1643
2008	3205	567
2008	989	515
2008	70	391
2008	1083	644
2008	599	164
2008	515	413
2008	441	280
2008	163	491
2008	159	4440
2008	72	2142
2008	13957	53
2008	13954	79
2008	13951	115
2008	13950	182
2008	13947	4669
2008	13317	55
2008	7468	135
2008	6163	103
2008	2672	236
2008	2670	56
2008	1504	75
2008	1222	140
2008	859	58
2008	756	54
2008	748	177
2008	744	1069
2008	616	309
2008	603	916
2008	233	483
2008	4114	330
2008	227	1013
2008	217	2126
2008	9364	2956
2008	97	1122
2008	13943	404
2008	13942	424
2008	13940	478
2008	13938	610
2008	13936	779
2008	4801	703
2008	1135	411
2008	889	515
2008	13901	9
2008	13900	15
2008	7927	9
2008	6073	11
2008	5260	10
2008	4978	12
2008	3201	8
2008	2567	18
2008	2562	46
2008	2559	26
2008	2469	28
2008	1892	13
2008	1889	15
2008	1884	8
2008	1122	15
2008	1006	28
2008	1000	25
2008	999	29
2008	997	26
2008	994	31
2008	993	16
2008	253	18
2008	193	33
2008	187	19
2008	98	19
2008	95	8
2008	51	69
2008	9920	448
2008	4359	467
2008	871	2500
2008	9368	1186
2008	51	1010
2008	98	292
2008	193	577
2008	2172	290
2008	188	276
2008	13842	605
2008	3475	472
2008	2142	481
2008	1556	81
2008	1520	595
2008	1412	384
2008	709	235
2008	706	1500
2008	207	784
2008	993	236
2008	997	557
2008	998	332
2008	1013	890
2008	1132	855
2008	1892	282
2008	1899	279
2008	2343	417
2008	2624	358
2008	6541	931
2008	6957	492
2008	13832	108
2008	13830	136
2008	6784	131
2008	4620	147
2008	3319	286
2008	3306	140
2008	2902	160
2008	2531	151
2008	89	1480
2008	1244	176
2008	986	157
2008	959	141
2008	906	120
2008	851	187
2008	734	310
2008	2632	982
2008	733	129
2008	718	267
2008	715	243
2008	554	149
2008	498	104
2008	475	104
2008	461	292
2008	333	244
2008	302	119
2008	300	193
2008	291	106
2008	289	229
2008	227	244
2008	212	329
2008	192	203
2008	157	279
2008	67	169
2008	2144	16
2008	830	676
2008	17638	792
2008	16361	813
2008	13755	465
2008	7908	689
2008	5549	1252
2008	5296	477
2008	2698	577
2008	1131	2280
2008	867	2153
2008	599	613
2008	512	1165
2008	436	880
2008	4915	436
2008	295	2134
2008	292	2473
2008	157	16324
2008	6959	372
2008	257	1727
2008	290	601
2008	300	1535
2008	4747	485
2008	1418	2
2008	2277	403
2008	1556	464
2008	1424	545
2008	439	889
2008	227	1458
2008	289	8696
2008	476	3700
2008	1048	630
2008	230	957
2008	207	2069
2008	154	3393
2008	9499	106
2008	707	2753
2008	724	239
2008	920	379
2008	985	104
2008	3691	466
2008	440	2224
2008	13689	247
2008	13687	474
2008	13686	493
2008	5783	156
2008	1972	443
2008	937	440
2008	957	431
2008	1338	551
2008	1350	302
2008	13667	432
2008	1396	477
2008	1390	386
2008	1151	437
2008	1358	2288
2008	2667	2490
2008	10060	685
2008	6527	693
2008	1369	473
2008	5032	713
2008	1372	323
2008	4435	778
2008	5893	394
2008	1684	2998
2008	1415	324
2008	1590	1390
2008	1470	2149
2008	2342	520
2008	1459	5085
2008	1243	1832
2008	1054	1198
2008	908	1344
2008	701	685
2008	3476	316
2008	4331	260
2008	5485	434
2008	681	5346
2008	680	1569
2008	5694	305
2008	5841	222
2008	523	1227
2008	6273	184
2008	498	5366
2008	471	1081
2008	461	2349
2008	3206	1268
2008	7930	195
2008	349	1440
2008	344	10586
2008	9512	229
2008	333	1134
2008	289	72776
2008	325	1711
2008	2616	708
2008	321	6094
2008	318	2176
2008	903	1746
2008	311	1254
2008	9517	524
2008	305	941
2008	300	2719
2008	292	912
2008	1121	4313
2008	291	2057
2008	289	2881
2008	288	903
2008	217	2283
2008	191	696
2008	190	1082
2008	1075	2551
2008	182	801
2008	89	3156
2008	1075	6045
2008	887	603
2008	225	505
2008	72	4891
2008	9557	106
2008	13637	45
2008	222	640
2008	154	2790
2008	969	1496
2008	1164	571
2008	1886	673
2008	2531	2166
2008	4069	3668
2008	1298	1194
2008	2038	25
2008	9634	2706
2008	9646	475
2008	4708	739
2008	922	70
2008	1360	683
2008	2226	257
2008	5254	15503
2008	2607	1137
2008	1044	1185
2008	899	1803
2008	538	1690
2008	533	20935
2008	439	2757
2008	342	2125
2008	229	2180
2008	227	3503
2008	220	1550
2008	217	4987
2008	190	5789
2008	3043	91
2008	3381	132
2008	162	268
2008	174	236
2008	811	593
2008	188	151
2008	215	202
2008	370	302
2008	506	772
2008	854	397
2008	2006	136
2008	2370	125
2008	3405	609
2008	3406	463
2008	3410	206
2008	3417	148
2008	5609	109
2008	1714	144
2008	1098	260
2008	154	132
2008	81	172
2008	210	339
2008	436	471
2008	475	227
2008	599	191
2008	3418	141
2008	709	427
2008	3419	131
2008	1119	403
2008	1353	803
2008	428	1127
2008	701	1204
2008	898	2614
2008	3423	100
2008	1385	1767
2008	2094	2070
2008	3424	98
2008	2498	1984
2008	3503	1207
2008	3573	1559
2008	3865	3000
2008	4118	1180
2008	5929	2253
2008	7414	5771
2008	8504	1403
2008	15	13
2008	378	89
2008	9734	6192
2008	9737	2223
2008	707	16
2008	830	243
2008	930	73
2008	953	26
2008	504	233
2008	1755	780
2008	1369	310
2008	1406	1440
2008	1358	579
2008	1339	2561
2008	1249	515
2008	1206	1120
2008	1186	515
2008	8331	1610
2008	1260	3516
2008	957	1142
2008	154	8154
2008	17624	28
2008	930	488
2008	15122	495
2008	924	2509
2008	918	634
2008	917	3227
2008	13516	32
2008	707	1969
2008	706	1579
2008	12201	73
2008	5414	101
2008	498	1469
2008	9745	1301
2008	439	1840
2008	412	4524
2008	378	593
2008	234	668
2008	1773	45
2008	229	890
2008	227	376
2008	1244	38
2008	618	107
2008	163	456
2008	154	457
2008	9746	1292
2008	13563	92
2008	9747	1184
2008	196	107
2008	959	8943
2008	173	521
2008	10729	504
2008	3057	647
2008	70	47
2008	418	965
2008	12168	1121
2008	6249	298
2008	1044	490
2008	966	355
2008	501	1385
2008	500	1378
2008	486	54600
2008	472	486
2008	45	4589
2008	4687	615
2008	9754	888
2008	9757	288
2008	830	3993
2008	9761	6030
2008	464	464
2008	691	614
2008	779	1009
2008	816	1626
2008	829	433
2008	1181	815
2008	2850	792
2008	4102	664
2008	4169	515
2008	4174	2739
2008	4948	376
2008	7946	821
2008	9768	739
2008	9770	588
2008	503	1352
2008	1047	1710
2008	498	1071
2008	13507	274
2008	13506	311
2008	13501	683
2008	13500	728
2008	13498	1478
2008	918	329
2008	152	1172
2008	481	3470
2008	1045	2218
2008	542	5479
2008	12165	111
2008	349	1129
2008	333	2999
2008	5429	85
2008	325	636
2008	306	644
2008	300	1303
2008	299	2493
2008	292	678
2008	9771	481
2008	288	2630
2008	283	262
2008	2131	120
2008	1090	94
2008	378	614
2008	9774	399
2008	208	92
2008	17613	80
2008	1323	216
2008	25	239
2008	1324	215
2008	718	97
2008	1325	210
2008	1326	205
2008	5233	406
2008	18424	72
2008	1327	200
2008	1328	199
2008	1329	196
2008	1331	187
2008	1332	184
2008	1333	178
2008	9775	379
2008	1425	277
