2010	644	44
2010	704	121
2010	915	88
2010	1057	1379
2010	1455	470
2010	1456	281
2010	1975	158
2010	2084	51
2010	5760	181
2010	2990	182
2010	640	10504
2010	8459	407
2010	3171	424
2010	4768	83
2010	89	3717
2010	5055	274
2010	5988	64
2010	7268	54
2010	4705	253
2010	8761	566
2010	10987	217
2010	2252	219
2010	5674	447
2010	5676	310
2010	9677	400
2010	9694	421
2010	3492	230
2010	689	1001
2010	716	788
2010	9603	535
2010	9602	572
2010	9595	749
2010	9592	1221
2010	9589	1282
2010	3657	845
2010	250	1230
2010	3470	225
2010	2834	215
2010	1810	98
2010	1089	5979
2010	13637	45
2010	1372	882
2010	89	3156
2010	176	109
2010	191	696
2010	9804	234
2010	216	192
2010	10650	348
2010	289	2881
2010	291	2057
2010	298	1095
2010	300	2719
2010	701	14306
2010	10883	669
2010	17542	218
2010	630	524
2010	15027	1005
2010	17572	131
2010	534	9010
2010	486	294
2010	305	941
2010	9518	344
2010	307	1558
2010	311	1254
2010	544	390
2010	292	6242
2010	1046	4300
2010	2940	16616
2010	344	10586
2010	362	2485
2010	456	988
2010	209	114
2010	523	1227
2010	679	5238
2010	680	1569
2010	681	5346
2010	333	100
2010	686	1165
2010	689	1032
2010	1470	2149
2010	1590	1390
2010	4435	778
2010	5266	729
2010	825	79
2010	1259	500
2010	1521	586
2010	7925	174
2010	11372	137
2010	13678	66
2010	89	43
2010	209	51
2010	291	384
2010	304	1104
2010	679	942
2010	681	198
2010	460	123
2010	486	147
2010	686	114
2010	1243	23
2010	4703	58
2010	7897	56
2010	11717	106
2010	813	19372
2010	2374	386
2010	4612	406
2010	292	311
2010	299	109
2010	330	194
2010	907	237
2010	1459	176
2010	1489	3735
2010	2102	11473
2010	498	214
2010	691	176
2010	758	168
2010	759	100
2010	768	127
2010	779	257
2010	814	307
2010	816	229
2010	972	151
2010	1098	100
2010	1185	123
2010	4180	40
2010	1188	688
2010	1541	139
2010	1678	100
2010	1863	157
2010	9470	52
2010	9468	84
2010	9467	116
2010	7325	42
2010	3739	335
2010	3110	97
2010	436	380
2010	172	152
2010	9465	102
2010	9464	158
2010	9461	288
2010	6959	144
2010	5820	844
2010	4458	349
2010	2838	1902
2010	2343	1839
2010	2342	715
2010	2341	389
2010	1803	3059
2010	1372	211
2010	1369	219
2010	1249	384
2010	918	455
2010	917	290
2010	706	3237
2010	582	144
2010	1428	1889
2010	9412	14
2010	3405	35
2010	2970	31
2010	2374	145
2010	2370	32
2010	1143	236
2010	843	12
2010	841	40
2010	813	79
2010	707	26
2010	504	46
2010	234	1054
2010	198	18
2010	15	116
2010	7	1244
2010	1866	109
2010	1868	171
2010	2204	142
2010	2210	125
2010	2383	194
2010	2850	111
2010	2940	360
2010	4173	144
2010	2020	1696
2010	3403	138
2010	4811	2692
2010	3402	140
2010	9382	1027
2010	3317	152
2010	2179	36
2010	1641	33
2010	475	22867
2010	300	73
2010	288	1570
2010	13739	464
2010	295	62
2010	289	720
2010	89	3017
2010	161	493
2010	6959	372
2010	6957	492
2010	6541	931
2010	3777	736
2010	3476	371
2010	2901	715
2010	2853	333
2010	2624	358
2010	2347	668
2010	2343	417
2010	2342	221
2010	2029	547
2010	2013	564
2010	1881	726
2010	1415	368
2010	1372	396
2010	1369	416
2010	1360	779
2010	3398	225
2010	1358	414
2010	1351	255
2010	1132	855
2010	3397	269
2010	1013	890
2010	1008	430
2010	2839	139
2010	998	332
2010	997	557
2010	982	693
2010	917	828
2010	861	245
2010	859	355
2010	13839	122
2010	13840	97
2010	707	287
2010	706	409
2010	412	7182
2010	429	314
2010	1040	179
2010	227	316
2010	163	72
2010	227	117
2010	949	167
2010	193	577
2010	176	514
2010	1254	58
2010	2788	203
2010	159	1068
2010	1528	103
2010	99	649
2010	2490	164
2010	2969	60
2010	3417	90
2010	72	2354
2010	51	1010
2010	4605	125
2010	4965	447
2010	10676	59
2010	13944	1005
2010	344	1
2010	744	1069
2010	1120	60
2010	2672	236
2010	6161	632
2010	13947	4669
2010	65	78496
2010	190	1360
2010	207	4343
2010	217	434
2010	228	21342
2010	229	3159
2010	424	4233
2010	533	1178
2010	1048	617
2010	1239	1893
2010	1246	2066
2010	2608	1975
2010	2661	2550
2010	806	336
2010	1980	422
2010	5297	1214
2010	72	160
2010	99	14
2010	226	14
2010	234	39
2010	289	18
2010	706	32
2010	707	29
2010	854	80
2010	1034	68
2010	1104	20
2010	2435	320
2010	1412	92
2010	1703	24
2010	1807	332
2010	1513	681
2010	1713	14
2010	1714	61
2010	1400	629
2010	3741	13
2010	9468	23
2010	291	134
2010	304	265
2010	313	184
2010	333	587
2010	1244	108
2010	344	451
2010	1048	452
2010	377	1574
2010	403	133
2010	461	930
2010	464	798
2010	466	217
2010	470	404
2010	486	165
2010	531	254
2010	536	749
2010	544	290
2010	687	5288
2010	693	519
2010	704	134
2010	816	2163
2010	914	144
2010	1043	403
2010	1183	156
2010	1186	2250
2010	1189	484
2010	1198	217
2010	1243	118
2010	1455	107
2010	1679	196
2010	1704	148
2010	9350	154
2010	903	208
2010	797	128
2010	735	133
2010	9333	138
2010	704	3138
2010	1854	109
2010	2619	96
2010	2977	90
2010	3859	351
2010	4104	100
2010	4263	99
2010	4562	173
2010	6614	143
2010	9684	99
2010	10316	118
2010	14012	183
2010	191	93
2010	289	621
2010	290	89
2010	291	709
2010	294	221
2010	333	3428
2010	342	64
2010	386	674
2010	9310	254
2010	680	200
2010	9302	399
2010	9301	400
2010	540	135
2010	9300	414
2010	528	128
2010	9299	425
2010	498	645
2010	9298	566
2010	9297	594
2010	481	215
2010	9296	636
2010	466	889
2010	9294	655
2010	461	446
2010	9293	671
2010	9292	689
2010	9291	743
2010	9290	891
2010	9289	897
2010	458	336
2010	9288	1891
2010	9287	2229
2010	420	208
2010	9286	2395
2010	8812	412
2010	412	985
2010	8552	1856
2010	403	172
2010	8546	545
2010	8545	734
2010	344	212
2010	7935	5332
2010	333	354
2010	6708	2764
2010	325	344
2010	6703	538
2010	324	345
2010	6076	498
2010	318	206
2010	3313	579
2010	300	229
2010	3065	872
2010	2936	618
2010	293	224
2010	2902	1127
2010	2523	447
2010	2459	596
2010	289	534
2010	234	173
2010	1825	756
2010	1820	429
2010	227	139
2010	1686	656
2010	1469	416
2010	1465	2495
2010	220	565
2010	1464	5046
2010	1416	636
2010	1414	1172
2010	207	557
2010	89	321
2010	1244	12182
2010	1242	5983
2010	2861	40
2010	1073	460
2010	1002	956
2010	997	386
2010	1601	55
2010	585	693
2010	227	14154
2010	1447	250
2010	157	6615
2010	1445	49
2010	701	115
2010	100	401
2010	329	68
2010	295	506
2010	257	843
2010	155	114
2010	548	1939
2010	89	187
2010	292	13499
2010	13847	179
2010	14208	632
2010	1103	158
2010	2786	255
2010	1095	310
2010	1094	389
2010	1093	431
2010	441	1180
2010	1080	63
2010	2548	186
2010	701	34
2010	466	192
2010	325	18
2010	295	16
2010	292	75
2010	289	484
2010	288	70
2010	89	3154
2010	67	311
2010	461	219
2010	466	517
2010	1025	100
2010	1043	105
2010	875	49
2010	1444	244
2010	1447	253
2010	1459	642
2010	1685	66
2010	3078	97
2010	3489	120
2010	3859	171
2010	4562	61
2010	5267	463
2010	7340	327
2010	518	260
2010	11890	87
2010	12683	62
2010	14035	569
2010	14037	102
2010	14043	63
2010	7	149
2010	70	198
2010	81	133
2010	154	1084
2010	199	48
2010	220	178
2010	227	247
2010	234	542
2010	237	266
2010	238	51
2010	9260	660
2010	377	150
2010	418	96
2010	3239	1180
2010	1067	251
2010	504	147
2010	2347	1036
2010	538	161
2010	2083	574
2010	617	112
2010	1547	1838
2010	726	62
2010	1063	439
2010	1062	522
2010	757	104
2010	978	220
2010	230	337
2010	1048	291
2010	159	606
2010	1090	34
2010	1091	147
2010	1244	56
2010	1700	328
2010	89	2178
2010	1852	40
2010	3094	249
2010	6187	64
2010	1060	887
2010	7183	115
2010	333	1281
2010	1028	152
2010	14051	38
2010	3348	236
2010	227	1389
2010	779	1575
2010	816	1444
2010	199	1013
2010	978	1334
2010	1195	546
2010	4774	224
2010	4166	1616
2010	188	1125
2010	2610	75
2010	67	647
2010	4891	121
2010	7	1643
2010	5963	125
2010	6414	104
2010	6445	254
2010	2614	87
2010	89	3818
2010	6850	102
2010	9934	258
2010	11393	103
2010	289	7211
2010	294	336
2010	544	1242
2010	16017	100
2010	17633	200
2010	3397	1015
2010	14075	287
2010	2100	1719
2010	9249	1764
2010	2977	171
2010	342	830
2010	328	340
2010	306	587
2010	304	373
2010	89	429
2010	506	2333
2010	14092	3269
2010	209	830
2010	537	2846
2010	540	1031
2010	1246	882
2010	4262	1387
2010	14121	1292
2010	2842	96
2010	3324	1265
2010	461	16108
2010	6994	715
2010	2864	381
2010	3948	328
2010	2873	199
2010	8111	37
2010	11918	36
2010	11923	42
2010	14123	406
2010	2352	400
2010	1249	523
2010	982	744
2010	714	1019
2010	511	219
2010	8397	416
2010	9217	214
2010	17656	2167
2010	17660	1165
2010	17662	886
2010	17663	853
2010	17668	613
2010	17669	564
2010	17671	499
2010	14128	48
2010	17674	421
2010	14129	45
2010	14130	45
2010	14132	37
2010	89	23305
2010	17676	408
2010	17683	317
2010	14133	35
2010	17684	316
2010	14134	34
2010	300	661
2010	346	215
2010	486	2070
2010	9170	216
2010	9167	324
2010	9166	336
2010	7061	1211
2010	3576	641
2010	2548	8018
2010	1470	563
2010	679	61947
2010	544	577
2010	327	80
2010	290	7595
2010	9163	489
2010	497	104
2010	546	60
2010	982	226
2010	89	729
2010	466	634
2010	182	52
2010	1037	705
2010	955	975
2010	3731	1340
2010	208	36
2010	3730	1250
2010	14185	529
2010	199	156
2010	207	490
2010	1091	362
2010	1986	606
2010	1982	672
2010	1118	235
2010	1954	916
2010	2959	123
2010	162	238
2010	2575	531
2010	227	577
2010	65	88
2010	154	172
2010	1409	760
2010	159	185
2010	1400	473
2010	526	22
2010	1155	475
2010	173	536
2010	182	159
2010	184	175
2010	207	343
2010	969	535
2010	3319	791
2010	210	219
2010	220	485
2010	1001	1360
2010	295	768
2010	228	107
2010	229	718
2010	342	178
2010	366	103
2010	154	1123
2010	412	147
2010	424	127
2010	9154	1745
2010	486	357
2010	498	134
2010	500	232
2010	501	101
2010	9140	398
2010	157	1874
2010	504	438
2010	533	261
2010	536	127
2010	540	227
2010	830	117
2010	930	111
2010	966	406
2010	982	418
2010	1044	160
2010	1145	96
2010	1180	233
2010	1181	139
2010	1185	292
2010	1188	175
2010	1244	204
2010	1246	185
2010	1247	411
2010	1377	191
2010	1470	349
2010	1672	429
2010	691	61
2010	9068	117
2010	733	29
2010	748	104
2010	757	33
2010	868	35
2010	1106	43
2010	1242	60
2010	9049	210
2010	1905	222
2010	2020	18
2010	2818	28
2010	3030	52
2010	9039	64
2010	9036	66
2010	9034	72
2010	9033	77
2010	9027	91
2010	9015	192
2010	9014	282
2010	7734	86
2010	4568	60
2010	4565	180
2010	3572	61
2010	3065	59
2010	1914	358
2010	2150	89
2010	2352	175
2010	2785	128
2010	3027	221
2010	3427	494
2010	3464	255
2010	4439	270
2010	8371	130
2010	14227	598
2010	5027	14
2010	191	93
2010	159	371
2010	203	346
2010	227	663
2010	229	544
2010	425	178
2010	9011	121
2010	9008	175
2010	9007	190
2010	6055	145
2010	4733	172
2010	4727	123
2010	4720	277
2010	4245	139
2010	4027	199
2010	4022	394
2010	3768	119
2010	5925	42
2010	2818	256
2010	2535	157
2010	2136	1284
2010	2134	128
2010	1895	165
2010	1738	448
2010	1409	143
2010	1398	461
2010	1155	374
2010	1013	145
2010	1001	273
2010	998	243
2010	535	138
2010	5950	17
2010	187	343
2010	84	264
2010	72	1513
2010	64	150
2010	56	212
2010	971	208
2010	1090	120
2010	1400	1725
2010	5237	134
2010	7324	150
2010	8756	478
2010	12915	524
2010	14265	144
2010	14267	265
2010	14269	165
2010	1315	493
2010	9160	25
2010	2667	675
2010	7522	438
2010	11031	1311
2010	14289	441
2010	14292	388
2010	14295	315
2010	67	1971
2010	89	3682
2010	167	449
2010	292	1107
2010	546	381
2010	703	156
2010	980	267
2010	1243	416
2010	1400	295
2010	15143	17
2010	17688	16
2010	163	509
2010	234	289
2010	436	156
2010	17689	15
2010	614	146
2010	706	198
2010	707	268
2010	724	77
2010	732	69
2010	735	162
2010	841	240
2010	374	57
2010	843	220
2010	854	1209
2010	855	126
2010	856	126
2010	868	629
2010	917	710
2010	918	1680
2010	947	93
2010	949	105
2010	1249	83
2010	1257	322
2010	1337	191
2010	1344	114
2010	1358	166
2010	1360	117
2010	1364	96
2010	8347	5956
2010	1369	199
2010	375	328
2010	1372	73
2010	1412	337
2010	1426	314
2010	1526	84
2010	1527	211
2010	1528	204
2010	379	114
2010	1531	182
2010	1660	119
2010	2013	83
2010	8882	32
2010	8881	222
2010	5673	253
2010	4971	58
2010	4608	207
2010	2794	1149
2010	2172	51
2010	2347	82
2010	1854	733
2010	982	72
2010	812	352
2010	808	354
2010	1857	57
2010	1912	39
2010	1922	81
2010	2086	76
2010	8863	117
2010	4811	330
2010	2939	123
2010	1455	168
2010	1452	193
2010	1047	307
2010	1042	887
2010	797	343
2010	701	351
2010	686	952
2010	681	792
2010	538	94
2010	528	205
2010	475	101
2010	468	189
2010	466	506
2010	461	727
2010	458	1706
2010	456	183
2010	377	101
2010	344	706
2010	328	123
2010	327	1007
2010	321	1531
2010	306	257
2010	304	236
2010	302	128
2010	300	671
2010	295	225
2010	292	161
2010	288	569
2010	161	448
2010	8859	42
2010	2092	70
2010	8852	49
2010	2094	135
2010	2095	108
2010	2097	52
2010	2098	34
2010	2099	43
2010	2102	248
2010	7623	75
2010	5235	108
2010	5185	87
2010	3898	54
2010	3057	348
2010	1375	59
2010	1098	558
2010	429	41
2010	190	143
2010	182	383
2010	154	1593
2010	65	380
2010	2855	75
2010	3470	117
2010	3780	170
2010	7421	128
2010	7422	85
2010	9344	71
2010	9818	149
2010	14304	164
2010	14305	94
2010	89	3506
2010	349	996
2010	99	88
2010	159	35
2010	163	526
2010	436	634
2010	2115	28
2010	2746	41
2010	3324	145
2010	863	6
2010	1369	26
2010	1426	7
2010	1504	79
2010	1639	8
2010	1806	74
2010	2632	446
2010	533	2972
2010	851	425
2010	172	1
2010	187	1
2010	961	1
2010	6632	1
2010	2343	6955
2010	14374	1
2010	1580	211
2010	3483	93
2010	344	13113
2010	8770	86
2010	8769	317
2010	328	145
2010	458	1027
2010	461	5893
2010	8767	192
2010	289	13694
2010	227	3722
2010	3552	133
2010	344	6785
2010	8729	92
2010	8724	292
2010	3041	300
2010	228	2485
2010	424	104
2010	229	2317
2010	8710	4034
2010	3554	207
2010	4980	39
2010	310	330
2010	306	124
2010	5083	350
2010	5089	66
2010	295	492
2010	8709	592
2010	231	1671
2010	416	626
2010	425	452
2010	3030	533
2010	8700	202
2010	1242	144
2010	1061	190
2010	333	25575
2010	377	18012
2010	536	28859
2010	3026	262
2010	892	138
2010	8679	112
2010	8677	128
2010	8676	134
2010	8674	162
2010	6217	672
2010	5229	242
2010	4704	135
2010	4384	324
2010	3700	332
2010	3411	386
2010	3294	167
2010	2582	432
2010	2542	342
2010	2538	323
2010	2535	211
2010	1964	638
2010	1954	111
2010	1390	252
2010	1239	331
2010	1164	296
2010	898	210
2010	757	288
2010	748	585
2010	632	301
2010	430	501
2010	154	327
2010	65	388
2010	1220	82
2010	1244	161
2010	2902	307
2010	3581	81
2010	3611	64
2010	5375	76
2010	5390	105
2010	7681	360
2010	8560	146
2010	7929	1166
2010	5563	116
2010	616	237
2010	440	1582
2010	8392	123
2010	679	6019
2010	294	3942
2010	292	6777
2010	9089	45
2010	10543	66
2010	10630	67
2010	10226	32
2010	10228	32
2010	8607	878
2010	3178	121
2010	14089	106
2010	8601	95
2010	8599	111
2010	10233	91
2010	1429	99
2010	1042	95
2010	889	778
2010	802	311
2010	2794	284
2010	701	285
2010	679	509
2010	544	135
2010	528	136
2010	523	337
2010	466	526
2010	1525	201
2010	461	323
2010	349	377
2010	340	343
2010	1357	109
2010	1356	149
2010	333	212
2010	325	146
2010	306	88
2010	300	603
2010	295	115
2010	292	1213
2010	291	84
2010	290	272
2010	289	696
2010	288	442
2010	257	160
2010	157	317
2010	837	336
2010	821	239
2010	89	189
2010	310	10085
2010	72	17561
2010	8597	7
2010	14479	313
2010	14480	312
2010	14483	173
2010	14486	117
2010	3153	106
2010	14487	113
2010	14489	112
2010	14492	90
2010	14494	77
2010	14499	67
2010	14501	67
2010	14502	66
2010	8590	17
2010	10237	52
2010	1390	311
2010	1090	137
2010	532	399
2010	461	234
2010	288	587
2010	229	153
2010	18528	508
2010	10244	51
2010	55	9084
2010	3087	466
2010	18529	414
2010	18530	393
2010	14324	41
2010	15325	191
2010	2786	115
2010	733	2230
2010	227	23792
2010	8573	12
2010	17485	29
2010	8572	13
2010	8571	13
2010	17712	120
2010	8569	14
2010	8567	14
2010	8566	15
2010	17713	79
2010	8562	17
2010	17714	57
2010	8560	17
2010	8559	17
2010	17716	47
2010	8557	18
2010	8556	19
2010	8554	20
2010	17719	40
2010	8549	28
2010	8548	30
2010	17720	40
2010	8547	40
2010	17721	37
2010	8546	45
2010	8545	45
2010	17722	34
2010	8544	47
2010	8543	49
2010	8314	22
2010	17723	32
2010	17725	32
2010	17726	31
2010	4785	43
2010	3482	25
2010	17727	27
2010	2959	2289
2010	17728	421
2010	2834	56
2010	703	1369
2010	1118	2022
2010	257	172
2010	292	12312
2010	295	1248
2010	1244	23
2010	18531	392
2010	1242	58
2010	298	500
2010	717	24
2010	8523	187
2010	328	55
2010	331	1915
2010	466	148
2010	51	2485
2010	429	468
2010	1225	547
2010	2459	550
2010	3889	362
2010	14509	599
2010	714	2360
2010	1760	2304
2010	292	23859
2010	14545	149
2010	65	42
2010	89	58
2010	288	72
2010	289	53
2010	295	64
2010	300	43
2010	306	32
2010	328	38
2010	349	52
2010	377	15
2010	461	43
2010	466	21
2010	468	54
2010	475	26
2010	481	44
2010	498	45
2010	542	125
2010	903	55
2010	1681	37
2010	1860	17
2010	2984	18
2010	3173	50
2010	4561	16
2010	257	380
2010	261	228
2010	265	153
2010	283	620
2010	316	192
2010	378	137
2010	701	172
2010	1755	131
2010	1763	280
2010	3182	230
2010	3376	218
2010	3380	240
2010	3383	212
2010	3393	284
2010	3741	136
2010	4869	214
2010	6706	341
2010	6713	134
2010	7094	275
2010	485	388
2010	8426	1432
2010	976	92
2010	8388	35323
2010	7452	352
2010	9170	245
2010	7343	839
2010	10460	129
2010	11764	233
2010	14566	1579
2010	14567	381
2010	863	608
2010	441	16295
2010	14568	361
2010	429	5863
2010	14569	339
2010	14570	302
2010	72	13228
2010	14571	246
2010	1097	917
2010	14575	196
2010	14576	166
2010	14578	139
2010	14579	125
2010	227	409
2010	424	2659
2010	425	121
2010	689	910
2010	805	933
2010	1982	503
2010	2102	45544
2010	325	2095
2010	681	557
2010	1034	1533
2010	2981	52
2010	10683	19
2010	681	23284
2010	344	2220
2010	321	1722
2010	51	16725
2010	355	8171
2010	1428	14
2010	802	2410
2010	289	1035
2010	288	9545
2010	289	6859
2010	292	3404
2010	461	3523
2010	2020	3023
2010	157	778
2010	292	694
2010	294	688
2010	296	1561
2010	1384	422
2010	302	1867
2010	344	949
2010	488	687
2010	423	408
2010	547	569
2010	679	1658
2010	1459	577
2010	1687	570
2010	3575	1258
2010	6201	584
2010	4346	359
2010	200	337
2010	289	8945
2010	18532	325
2010	293	5609
2010	325	3843
2010	475	1333
2010	498	5398
2010	18533	243
2010	8454	445
2010	679	1028
2010	88	16108
2010	7	2064
2010	89	4249
2010	234	2071
2010	288	2284
2010	292	1756
2010	295	679
2010	333	235
2010	704	2391
2010	959	1660
2010	1673	2596
2010	2091	164
2010	162	983
2010	3739	7364
2010	8302	990
2010	8301	1010
2010	8299	1274
2010	8298	1370
2010	8297	1392
2010	8296	1544
2010	8295	1859
2010	8294	2013
2010	8293	2289
2010	5961	1356
2010	4498	1609
2010	4004	1094
2010	4003	7166
2010	3997	1874
2010	3548	1230
2010	3028	1704
2010	2971	1529
2010	2586	3122
2010	2576	2651
2010	2574	1717
2010	2210	1745
2010	1568	3664
2010	1566	1393
2010	1557	1334
2010	1551	1560
2010	1547	1100
2010	1541	5071
2010	845	1749
2010	842	2293
2010	839	1658
2010	832	1352
2010	831	2514
2010	823	1634
2010	816	2692
2010	815	2354
2010	813	2275
2010	805	2204
2010	779	1274
2010	768	1204
2010	14663	387
2010	72	141
2010	604	202
2010	1062	155
2010	1155	148
2010	1897	172
2010	2037	275
2010	3861	126
2010	4723	331
2010	4731	223
2010	4732	310
2010	4735	598
2010	7694	149
2010	7887	108
2010	9860	117
2010	11352	170
2010	14665	430
2010	14668	168
2010	14670	153
2010	14672	145
2010	14673	142
2010	14677	133
2010	14680	113
2010	14683	104
2010	14684	100
2010	2605	242
2010	378	652
2010	67	102
2010	154	81
2010	55	2814
2010	289	43647
2010	292	1666
2010	295	275
2010	12477	967
2010	332	66
2010	321	1220
2010	504	17809
2010	1047	1460
2010	14755	27
2010	290	11531
2010	306	19705
2010	1034	11214
2010	1458	469
2010	45	239
2010	217	144
2010	489	247
2010	517	130
2010	754	119
2010	757	105
2010	779	111
2010	805	347
2010	823	133
2010	826	142
2010	1155	183
2010	1186	361
2010	1192	150
2010	1540	112
2010	2187	108
2010	4002	151
2010	4503	141
2010	1198	102
2010	793	243
2010	687	3711
2010	686	1513
2010	681	786
2010	536	243
2010	498	1045
2010	488	401
2010	464	129
2010	461	2517
2010	344	8345
2010	300	453
2010	1061	514
2010	959	149
2010	328	263
2010	316	306
2010	292	1698
2010	63	93
2010	1459	475
2010	1380	22
2010	475	33
2010	2352	747
2010	533	64
2010	234	722
2010	4936	142
2010	4948	761
2010	5310	148
2010	8261	248
2010	10036	201
2010	11865	100
2010	14791	191
2010	14793	183
2010	14794	132
2010	14795	130
2010	1186	4383
2010	89	394
2010	466	219
2010	486	139
2010	498	145
2010	524	240
2010	930	1233
2010	1034	231
2010	1673	3456
2010	6253	158
2010	5790	560
2010	14843	259
2010	868	150
2010	2552	73
2010	475	3934
2010	8154	548
2010	344	2047
2010	5149	314
2010	65	47
2010	292	249
2010	89	363
2010	3691	773
2010	190	83
2010	292	40
2010	362	79
2010	2402	614
2010	466	227
2010	486	333
2010	291	700
2010	498	437
2010	18534	222
2010	697	105
2010	859	4257
2010	1379	74
2010	2521	18
2010	197	452
2010	5475	49
2010	12	145
2010	2750	137
2010	2763	375
2010	14911	208
2010	207	21
2010	525	7
2010	14931	53
2010	14986	15345
2010	14987	14082
2010	1504	977
2010	845	1032
2010	199	1190
2010	1187	1165
2010	2429	666
2010	2579	883
2010	3999	861
2010	8277	1089
2010	13431	173
2010	18535	168
2010	18536	159
2010	15044	543
2010	15050	163
2010	89	449
2010	157	325
2010	227	944
2010	233	5978
2010	292	92
2010	468	90
2010	547	743
2010	779	60
2010	4316	259
2010	15075	12520
2010	3771	1426
2010	88	92
2010	4701	54
2010	12751	28
2010	15114	21
2010	154	5182
2010	190	1673
2010	203	668
2010	227	3515
2010	234	1232
2010	436	2178
2010	439	3026
2010	453	5223
2010	1098	2921
2010	1244	812
2010	292	6926
2010	4491	2913
2010	67	98
2010	89	789
2010	176	50
2010	220	223
2010	228	32
2010	288	396
2010	289	1177
2010	300	414
2010	349	50
2010	486	33
2010	679	89
2010	701	94
2010	18538	147
2010	1243	593
2010	2018	42
2010	15158	31
2010	294	2256
2010	2607	1014
2010	154	104
2010	5767	438
2010	5267	740
2010	2456	422
2010	892	1388
2010	360	324
2010	190	521
2010	18539	139
2010	18540	137
2010	18541	134
2010	8048	342
2010	8046	402
2010	18543	117
2010	8044	618
2010	1510	1671
2010	18544	103
2010	3109	1884
2010	18547	97
2010	3558	288
2010	3556	288
2010	3300	374
2010	6517	553
2010	1914	263
2010	362	964
2010	1706	197
2010	1094	689
2010	377	836
2010	498	5757
2010	1689	392
2010	547	5896
2010	701	2222
2010	1613	1016
2010	2083	158
2010	871	574
2010	6213	91
2010	2346	3242
2010	7826	35
2010	89	4130
2010	450	345
2010	18554	302
2010	17891	203
2010	89	3021
2010	159	1240
2010	352	207
2010	257	430
2010	344	10590
2010	17	197
2010	5	260
2010	461	4429
2010	466	1807
2010	892	724
2010	1459	1735
2010	7945	16
2010	5746	21
2010	3739	15
2010	2206	29
2010	1613	15
2010	1200	28
2010	1181	25
2010	989	15
2010	500	81
2010	498	16
2010	229	99
2010	228	23
2010	190	106
2010	89	77
2010	65	19
2010	209	82
2010	7937	75
2010	7932	468
2010	7927	1985
2010	4125	4578
2010	2136	11405
2010	163	13309
2010	157	300
2010	7925	47
2010	7924	72
2010	7923	82
2010	288	57
2010	486	59
2010	7919	162
2010	1048	60
2010	67	396
2010	7917	211
2010	7916	223
2010	7915	251
2010	1923	376
2010	7913	387
2010	4290	235
2010	15166	613
2010	7	42
2010	45	43
2010	4265	178
2010	65	265
2010	257	473
2010	3798	62
2010	88	65
2010	3509	43
2010	190	1498
2010	262	178
2010	207	72
2010	1276	305
2010	220	251
2010	1259	38
2010	227	3753
2010	1254	78
2010	229	161
2010	1131	667
2010	230	3210
2010	285	549
2010	947	58
2010	234	40
2010	436	62
2010	440	3062
2010	493	69
2010	497	43
2010	47	41
2010	733	49
2010	808	42
2010	290	176
2010	20	60
2010	951	51
2010	959	48
2010	292	356
2010	1043	44
2010	350	1146
2010	1090	74
2010	294	183
2010	1106	42
2010	1155	72
2010	300	352
2010	1198	52
2010	1246	53
2010	1249	107
2010	1377	73
2010	1398	86
2010	1400	19619
2010	320	220
2010	1954	198
2010	2343	43
2010	2600	46
2010	3686	150
2010	4387	271
2010	2586	1475
2010	525	261
2010	6303	140
2010	7324	168
2010	8678	1167
2010	15171	84
2010	15172	63
2010	310	39
2010	321	61
2010	325	116
2010	346	51
2010	458	90
2010	461	122
2010	681	111
2010	686	84
2010	701	55
2010	1453	47
2010	1458	54
2010	1684	52
2010	1698	40
2010	4879	33
2010	10317	27
2010	680	197
2010	15183	49
2010	707	592
2010	4566	460
2010	2548	1006
2010	917	10011
2010	15224	211
2010	1109	63
2010	67	1325
2010	1118	40
2010	3501	479
2010	56	18
2010	499	22
2010	704	50
2010	709	40
2010	959	16
2010	1240	25
2010	6562	338
2010	67	127
2010	172	312
2010	333	214
2010	378	518
2010	490	279
2010	3367	331
2010	8847	248
2010	182	301
2010	227	75
2010	425	157
2010	689	79
2010	959	81
2010	161	1
2010	288	1
2010	455	3
2010	468	1
2010	484	1
2010	646	1
2010	11079	177
2010	39	894
2010	288	344
2010	17913	1030
2010	298	252
2010	378	1169
2010	423	287
2010	430	165
2010	292	2441
2010	528	399
2010	1705	167
2010	4044	1715
2010	5098	149
2010	5151	154
2010	17914	460
2010	5437	149
2010	10917	1095
2010	3739	756
2010	11050	222
2010	12022	359
2010	14645	188
2010	15292	1492
2010	15298	191
2010	15300	135
2010	2006	5123
2010	458	82806
2010	1045	1157
2010	67	2931
2010	7896	192
2010	288	428
2010	7892	211
2010	7889	255
2010	230	5781
2010	292	200
2010	11758	603
2010	7071	271
2010	5547	223
2010	300	321
2010	4022	187
2010	1504	576
2010	1400	459
2010	1222	698
2010	1075	443
2010	622	985
2010	875	179
2010	3080	3062
2010	84	470
2010	2165	107
2010	3767	337
2010	3440	316
2010	5346	112
2010	1379	734
2010	1376	631
2010	1118	576
2010	7060	125
2010	3902	443
2010	12868	221
2010	511	1455
2010	610	289
2010	1747	669
2010	1943	319
2010	3231	858
2010	3317	1845
2010	535	308
2010	1946	335
2010	1961	434
2010	4726	371
2010	7340	4674
2010	289	131733
2010	8364	69
2010	89	673
2010	220	3565
2010	230	490
2010	498	253
2010	1048	434
2010	1632	124
2010	15329	81
2010	701	26
2010	9820	18
2010	13669	5
2010	15331	10
2010	289	15282
2010	523	106
2010	479	3817
2010	679	16305
2010	5487	4190
2010	5749	12770
2010	288	1872
2010	294	195
2010	300	294
2010	461	144
2010	915	581
2010	468	137
2010	682	426
2010	686	264
2010	15421	1755
2010	2840	1056
2010	173	2157
2010	13711	340
2010	15444	266
2010	190	32
2010	209	200
2010	230	120
2010	234	34
2010	298	33
2010	300	42
2010	302	41
2010	316	47
2010	333	228
2010	377	42
2010	403	143
2010	412	111
2010	430	44
2010	481	49
2010	486	46
2010	10002	429
2010	346	337
2010	802	802
2010	1755	279
2010	614	40
2010	533	239
2010	289	1310
2010	227	235
2010	7860	136
2010	89	202
2010	295	808
2010	11520	754
2010	500	36
2010	14760	609
2010	292	404
2010	526	39
2010	5950	97
2010	1180	782
2010	1048	201
2010	687	1451
2010	2020	13006
2010	7829	19
2010	7827	20
2010	7826	21
2010	7825	21
2010	7824	22
2010	7823	22
2010	7820	24
2010	7819	25
2010	7818	30
2010	7817	31
2010	7815	37
2010	7814	42
2010	7813	44
2010	7812	49
2010	7007	19
2010	5184	50
2010	3992	49
2010	3391	19
2010	3164	45
2010	2616	19
2010	1790	56
2010	1776	28
2010	1763	22
2010	1553	58
2010	722	26
2010	703	67
2010	548	26
2010	526	20
2010	416	48
2010	84	42
2010	72	48
2010	536	129
2010	540	41
2010	687	51
2010	689	42
2010	704	46
2010	716	35
2010	17960	809
2010	808	66
2010	1043	69
2010	1180	34
2010	1183	182
2010	1184	96
2010	1186	80
2010	1190	36
2010	1194	81
2010	1197	264
2010	1246	47
2010	1406	85
2010	1689	43
2010	1866	44
2010	17961	670
2010	2580	36
2010	3333	65
2010	3737	48
2010	4196	157
2010	4255	61
2010	4262	46
2010	6770	32
2010	15445	60
2010	15447	35
2010	223	588
2010	2467	402
2010	15461	378
2010	418	165
2010	500	125
2010	687	219
2010	830	245
2010	839	135
2010	1547	113
2010	1551	170
2010	3997	305
2010	4002	125
2010	8293	169
2010	2543	7024
2010	466	599
2010	2959	1843
2010	2843	385
2010	2619	439
2010	1249	786
2010	1181	2840
2010	917	540
2010	816	3364
2010	7737	4
2010	15463	205
2010	2850	2146
2010	15465	171
2010	15466	103
2010	314	11048
2010	468	159
2010	15472	122
2010	17965	421
2010	1061	2642
2010	880	4635
2010	72	23304
2010	2200	835
2010	5127	684
2010	15529	6220
2010	7703	64
2010	189	347
2010	1145	332
2010	792	324663
2010	1534	386
2010	4036	200
2010	4876	427
2010	15533	197
2010	15534	196
2010	55	108
2010	89	364
2010	161	124
2010	288	542
2010	295	140
2010	1673	24612
2010	1672	306
2010	1244	13781
2010	816	2190
2010	497	4314
2010	481	1818
2010	172	2062
2010	72	1904
2010	300	160
2010	306	239
2010	328	161
2010	352	177
2010	17966	419
2010	17968	395
2010	17970	384
2010	17971	375
2010	4051	374
2010	7642	1155
2010	2346	201
2010	2823	275
2010	1803	94
2010	1249	825
2010	706	1047
2010	163	542
2010	81	241
2010	113	283
2010	154	2002
2010	162	377
2010	4115	732
2010	190	264
2010	227	633
2010	418	2206
2010	226	876
2010	2064	101
2010	222	377
2010	436	291
2010	454	498
2010	504	3105
2010	4079	294
2010	1976	62
2010	1504	85
2010	1131	17
2010	964	17
2010	856	110
2010	614	96
2010	612	28
2010	511	37
2010	441	9
2010	436	359
2010	424	260
2010	234	281
2010	228	71
2010	226	281
2010	199	347
2010	163	54
2010	154	802
2010	65	84
2010	468	204
2010	548	265
2010	644	167
2010	689	149
2010	690	114
2010	621	435
2010	701	190
2010	1410	108
2010	1463	167
2010	3128	246
2010	4561	112
2010	4564	276
2010	4707	1405
2010	5536	113
2010	1098	890
2010	7552	253
2010	7549	264
2010	797	132
2010	4311	999
2010	2500	651
2010	1401	1301
2010	7542	295
2010	1852	3556
2010	6187	738
2010	55	970
2010	1109	860
2010	65	154
2010	1130	292
2010	67	461
2010	257	1631
2010	265	203
2010	7531	506
2010	287	181
2010	288	224
2010	1418	532
2010	292	2527
2010	302	89
2010	316	790
2010	2390	854
2010	389	1276
2010	466	206
2010	972	317
2010	1464	296
2010	2067	212
2010	157	306
2010	554	260
2010	1424	297
2010	599	380
2010	863	353
2010	1709	709
2010	2861	281
2010	2938	187
2010	1708	480
2010	5434	497
2010	15582	350
2010	1680	259
2010	1678	435
2010	7502	657
2010	2130	626
2010	352	1067
2010	325	109
2010	289	15235
2010	1770	582
2010	6556	376
2010	182	1096
2010	55	1086
2010	906	3654
2010	6730	510
2010	15583	292
2010	15584	259
2010	15592	152
2010	7465	478
2010	3110	1
2010	1817	2
2010	1713	1
2010	1703	2
2010	1358	3
2010	1104	2
2010	1034	74
2010	157	27
2010	72	177
2010	7	11
2010	5917	181
2010	755	7902
2010	289	2560
2010	2802	959
2010	812	1589
2010	846	1293
2010	5441	1014
2010	6678	1223
2010	2540	208
2010	6215	57
2010	523	315
2010	7871	815
2010	6591	235
2010	409	2013
2010	17934	437
2010	3489	1689
2010	5549	238
2010	2019	823
2010	1684	1201
2010	288	6955
2010	18303	487
2010	207	914
2010	680	1011
2010	461	565
2010	325	290
2010	318	583
2010	298	293
2010	293	766
2010	1943	410
2010	292	1396
2010	289	3726
2010	2791	134
2010	2786	222
2010	6336	314
2010	11377	113
2010	12868	118
2010	7436	265
2010	14230	122
2010	7433	339
2010	7431	350
2010	2781	586
2010	7429	436
2010	72	1752
2010	16215	97
2010	15648	155
2010	15649	155
2010	2391	254
2010	13743	236
2010	15652	103
2010	2346	1577
2010	2343	949
2010	63	4
2010	3200	203
2010	73	6
2010	796	178
2010	998	4
2010	1464	4
2010	1800	5
2010	1907	6
2010	5617	12
2010	5745	147
2010	5985	5
2010	1412	1351
2010	544	230
2010	6708	5
2010	192	250
2010	1079	95
2010	959	342
2010	868	1461
2010	735	511
2010	846	612
2010	732	766
2010	724	174
2010	253	252
2010	2752	768
2010	220	55
2010	2725	624
2010	707	3266
2010	841	85
2010	917	677
2010	918	3173
2010	2666	1754
2010	2665	1864
2010	2664	1879
2010	2661	3158
2010	2660	3213
2010	2659	3374
2010	2658	3939
2010	2655	4869
2010	498	374
2010	752	239
2010	1933	7127
2010	1515	1835
2010	1412	1940
2010	706	648
2010	1249	10102
2010	1201	2224
2010	1185	1849
2010	1119	4421
2010	1045	7325
2010	678	137
2010	1043	2428
2010	1041	3396
2010	1038	2642
2010	966	1955
2010	705	4800
2010	693	3520
2010	687	3274
2010	680	1837
2010	677	139
2010	498	4264
2010	378	2192
2010	3110	111
2010	289	8544
2010	2857	139
2010	234	2299
2010	2630	135
2010	230	2673
2010	2265	165
2010	229	1786
2010	2044	151
2010	192	9999
2010	89	5748
2010	2651	19
2010	1958	139
2010	1639	186
2010	2641	292
2010	1515	172
2010	2640	308
2010	1415	128
2010	2639	319
2010	2637	355
2010	2636	372
2010	1118	161
2010	1090	323
2010	2632	490
2010	1048	105
2010	969	288
2010	2630	546
2010	961	173
2010	2628	851
2010	2627	1086
2010	716	194
2010	2626	1553
2010	454	131
2010	436	231
2010	425	229
2010	2625	1587
2010	418	296
2010	2444	1294
2010	250	225
2010	2424	1027
2010	245	167
2010	1901	3794
2010	227	259
2010	1858	453
2010	1633	468
2010	207	231
2010	982	473
2010	617	558
2010	190	206
2010	602	549
2010	154	305
2010	434	774
2010	8816	21
2010	11455	7
2010	14395	23
2010	15663	26
2010	701	6183
2010	292	6400
2010	289	4761
2010	157	11000
2010	271	290
2010	15665	17
2010	230	588
2010	212	1015
2010	205	563
2010	202	1708
2010	199	602
2010	1127	183
2010	198	415
2010	407	270
2010	1416	207
2010	55	824
2010	7347	115
2010	197	4658
2010	7346	116
2010	192	816
2010	190	375
2010	7344	126
2010	7343	183
2010	7342	206
2010	7341	296
2010	6784	163
2010	6732	181
2010	6241	135
2010	6158	116
2010	5254	119
2010	1910	1298
2010	4123	182
2010	1853	4359
2010	3768	348
2010	2936	432
2010	1672	3344
2010	1897	206
2010	1886	374
2010	1180	1516
2010	1878	218
2010	1027	331
2010	1047	4218
2010	1041	632
2010	1017	268
2010	1006	166
2010	1001	226
2010	998	528
2010	997	510
2010	707	17561
2010	993	309
2010	852	359
2010	187	143
2010	159	401
2010	75	175
2010	412	1888
2010	72	569
2010	59	132
2010	4828	1077
2010	15666	17
2010	903	1013
2010	292	2722
2010	289	4749
2010	89	472
2010	67	1110
2010	55	1087
2010	190	2861
2010	15667	16
2010	15671	9
2010	1151	318
2010	15672	8
2010	226	1663
2010	209	1554
2010	15675	8
2010	15676	8
2010	15678	6
2010	15679	6
2010	2605	43
2010	163	12800
2010	2601	77
2010	2582	73
2010	959	1090
2010	2137	177
2010	1713	561
2010	5032	261
2010	757	826
2010	88	283
2010	604	831
2010	7289	149
2010	7285	163
2010	7276	275
2010	7271	506
2010	697	406
2010	3397	466
2010	3302	386
2010	2031	538
2010	1580	540
2010	1464	590
2010	1459	1059
2010	959	369
2010	908	974
2010	903	740
2010	889	1379
2010	802	542
2010	704	584
2010	701	709
2010	686	1176
2010	646	406
2010	544	757
2010	528	813
2010	526	611
2010	525	712
2010	523	402
2010	466	760
2010	461	1253
2010	352	462
2010	344	1665
2010	342	598
2010	333	1403
2010	329	406
2010	325	1249
2010	320	725
2010	318	657
2010	310	876
2010	306	1229
2010	302	381
2010	300	1478
2010	298	557
2010	295	1939
2010	293	789
2010	292	4942
2010	291	465
2010	290	546
2010	289	8353
2010	288	2063
2010	257	372
2010	253	474
2010	227	657
2010	180	559
2010	157	568
2010	89	2545
2010	67	5814
2010	55	1757
2010	703	115
2010	854	491
2010	2610	365
2010	6348	197
2010	7079	331
2010	89	1987
2010	455	152
2010	458	4392
2010	419	107
2010	7191	705
2010	1510	720
2010	668	147
2010	228	323
2010	434	286
2010	667	148
2010	159	58
2010	657	209
2010	7150	416
2010	72	5915
2010	2080	697
2010	65	443
2010	15748	6
2010	65	170
2010	70	468
2010	72	168
2010	154	342
2010	163	442
2010	172	191
2010	190	175
2010	7116	484
2010	2963	459
2010	2835	5575
2010	2172	420
2010	2143	1575
2010	206	1358
2010	923	15541
2010	220	480
2010	198	110185
2010	15	3124
2010	5966	136
2010	225	330
2010	228	1366
2010	424	808
2010	707	177
2010	544	597
2010	533	328
2010	493	93
2010	614	1242
2010	969	105
2010	951	1914
2010	295	153
2010	190	337
2010	1118	406
2010	1164	325
2010	1384	147
2010	1510	484
2010	1790	576
2010	2595	130
2010	701	155
2010	679	30
2010	1795	165
2010	1873	204
2010	1884	327
2010	2524	584
2010	2572	362
2010	2580	121
2010	2775	1235
2010	3475	656
2010	5423	212
2010	5439	295
2010	9632	127
2010	15750	251
2010	15751	119
2010	416	3858
2010	437	1958
2010	618	1420
2010	1772	1215
2010	3681	1544
2010	8592	2908
2010	6159	100
2010	155	980
2010	163	5681
2010	176	1814
2010	189	959
2010	192	3084
2010	221	640
2010	227	3594
2010	380	1702
2010	405	1470
2010	447	695
2010	707	1523
2010	18744	286
2010	318	980
2010	18737	560
2010	18736	879
2010	711	969
2010	18735	895
2010	18734	1032
2010	13754	389
2010	12509	351
2010	12505	268
2010	12338	281
2010	10162	993
2010	5299	666
2010	3513	569
2010	3289	1030
2010	3280	339
2010	2472	3260
2010	2470	275
2010	2042	308
2010	2030	441
2010	2026	2588
2010	1707	796
2010	1253	332
2010	1203	7273
2010	867	499
2010	864	601
2010	631	1512
2010	732	387
2010	27	431
2010	959	57
2010	917	422
2010	951	1370
2010	7065	37
2010	7064	194
2010	1358	1656
2010	1464	597
2010	1686	577
2010	7043	353
2010	7032	182
2010	1689	1157
2010	1249	815
2010	1358	866
2010	7027	208
2010	1803	930
2010	1810	871
2010	2343	491
2010	7018	521
2010	2346	211
2010	2347	508
2010	2343	631
2010	7012	1171
2010	2790	252
2010	7011	2139
2010	7010	2465
2010	6762	965
2010	4165	444
2010	4180	89
2010	3527	517
2010	17994	83
2010	701	172496
2010	790	2385
2010	802	289
2010	69	142
2010	73	105
2010	797	226
2010	686	449
2010	3470	1329
2010	3763	562
2010	3774	3020
2010	6959	401
2010	7054	935
2010	15766	816
2010	917	1005
2010	2765	46
2010	15799	122
2010	15813	132
2010	542	47
2010	6907	877
2010	3693	345
2010	10735	2610
2010	234	898
2010	383	1393
2010	1888	805
2010	13854	1945
2010	72	3315
2010	77	171
2010	173	191
2010	689	554
2010	329	282
2010	1072	856
2010	1097	1905
2010	182	379
2010	203	2199
2010	289	402
2010	6904	712
2010	227	1155
2010	429	1227
2010	6903	751
2010	88	658
2010	533	1901
2010	703	876
2010	9701	793
2010	656	214
2010	6901	819
2010	1048	2424
2010	89	5220
2010	655	217
2010	423	1329
2010	6899	930
2010	15912	115
2010	1800	174
2010	6898	972
2010	190	341
2010	217	359
2010	3863	102
2010	6897	976
2010	228	449
2010	229	158
2010	6896	981
2010	6250	103
2010	291	270
2010	293	251
2010	6755	163
2010	6895	1030
2010	298	214
2010	316	322
2010	333	611
2010	9353	134
2010	6894	1034
2010	403	502
2010	12890	397
2010	464	355
2010	13563	79
2010	6892	1094
2010	498	1349
2010	538	202
2010	15667	126
2010	6891	1102
2010	546	173
2010	548	558
2010	2469	87
2010	6890	1285
2010	681	2196
2010	683	628
2010	15675	278
2010	6889	1333
2010	691	183
2010	696	155
2010	15679	1722
2010	6888	1780
2010	704	1209
2010	1047	339
2010	2467	90
2010	1048	202
2010	1090	144
2010	2462	97
2010	6886	3196
2010	1106	208
2010	1246	146
2010	18027	1286
2010	1470	226
2010	1502	159
2010	650	251
2010	2455	120
2010	6626	718
2010	1632	376
2010	1976	369
2010	2121	238
2010	6620	957
2010	18028	932
2010	2977	321
2010	3373	149
2010	2454	122
2010	3400	211
2010	3461	145
2010	648	292
2010	9079	151
2010	4710	604
2010	18029	648
2010	15920	500
2010	1809	384
2010	647	307
2010	2927	1244
2010	2618	147
2010	18030	497
2010	2923	1370
2010	12661	161
2010	13431	110
2010	2452	125
2010	15938	1
2010	1106	17
2010	645	311
2010	2916	1339
2010	15957	11
2010	2451	132
2010	4365	89
2010	8420	65
2010	18031	421
2010	2913	1007
2010	15966	170
2010	15974	612
2010	2450	136
2010	2910	1329
2010	1369	36365
2010	18032	357
2010	2907	1493
2010	7047	1130
2010	72	4540
2010	2448	160
2010	2906	4197
2010	1072	118
2010	18033	340
2010	1075	447
2010	18034	335
2010	2252	1635
2010	2447	163
2010	1976	162
2010	5879	149
2010	18035	282
2010	1839	1140
2010	5913	119
2010	1641	849
2010	53	116
2010	2445	189
2010	72	80
2010	173	338
2010	644	366
2010	1613	1477
2010	18036	254
2010	1402	777
2010	2442	236
2010	643	367
2010	475	5431
2010	18038	184
2010	278	1226
2010	89	626
2010	292	382
2010	2439	281
2010	640	392
2010	679	1239
2010	681	78
2010	267	2265
2010	1045	299
2010	2	161
2010	18039	173
2010	6866	131
2010	6860	379
2010	6858	624
2010	18040	146
2010	350	232
2010	2438	302
2010	6851	2693
2010	4311	2278
2010	3617	892
2010	2606	1662
2010	2531	4856
2010	2124	601
2010	1652	2069
2010	1424	1797
2010	1412	966
2010	1244	1417
2010	1089	1410
2010	969	1394
2010	965	1430
2010	2437	342
2010	18042	130
2010	860	2897
2010	735	10311
2010	562	662
2010	533	1608
2010	511	2665
2010	424	903
2010	228	4314
2010	212	681
2010	2436	444
2010	99	771
2010	72	1434
2010	16	131
2010	18	830
2010	1427	91
2010	173	272
2010	190	828
2010	229	148
2010	959	187
2010	1075	422
2010	1090	178
2010	1191	139
2010	2747	313
2010	3190	137
2010	3367	373
2010	3769	242
2010	4502	615
2010	4609	278
2010	5079	177
2010	6815	209
2010	6812	228
2010	6810	262
2010	6808	295
2010	6806	454
2010	6803	571
2010	6802	603
2010	6800	791
2010	6799	1067
2010	18043	124
2010	3244	405
2010	1803	338
2010	1797	198
2010	1244	142
2010	1044	259
2010	966	185
2010	923	212
2010	785	329
2010	503	181
2010	18044	122
2010	12	265
2010	7	192
2010	6439	182
2010	10430	577
2010	10870	190
2010	11938	458
2010	16010	915
2010	16011	304
2010	16012	276
2010	16013	259
2010	16014	210
2010	16015	159
2010	16016	146
2010	16017	136
2010	16018	134
2010	16021	122
2010	16027	306
2010	475	1334
2010	154	2231
2010	1122	120
2010	423	2048
2010	697	815
2010	1609	335
2010	18045	121
2010	1990	392
2010	12023	286
2010	735	102
2010	16051	164
2010	59	283
2010	18047	117
2010	601	178
2010	703	233
2010	18049	115
2010	1155	222
2010	1943	396
2010	2521	176
2010	636	617
2010	2530	218
2010	6217	204
2010	7741	255
2010	11204	242
2010	16053	547
2010	16056	281
2010	16057	269
2010	16090	245
2010	538	84
2010	511	100
2010	163	1958
2010	18050	109
2010	188	61
2010	9843	231
2010	389	119
2010	288	969
2010	475	16374
2010	360	94
2010	18051	109
2010	2179	845
2010	356	198
2010	190	575
2010	2247	218
2010	18055	95
2010	2252	446
2010	6618	555
2010	16111	1395
2010	16112	709
2010	16113	197
2010	18058	85
2010	6755	1801
2010	300	12071
2010	635	750
2010	81	53
2010	159	153
2010	162	56
2010	163	154
2010	215	163
2010	220	252
2010	599	263
2010	609	303
2010	610	561
2010	613	381
2010	962	60
2010	1098	75
2010	1783	213
2010	1835	253
2010	2711	243
2010	2716	56
2010	2864	323
2010	3861	101
2010	4734	255
2010	6137	113
2010	6169	70
2010	7123	76
2010	8837	75
2010	10891	67
2010	11477	197
2010	11652	175
2010	11667	157
2010	13318	84
2010	13956	112
2010	16122	429
2010	16123	268
2010	16124	232
2010	16125	224
2010	16127	145
2010	18059	78
2010	16132	57
2010	16133	54
2010	163	586
2010	212	135
2010	554	276
2010	6689	40
2010	562	300
2010	599	67
2010	730	267
2010	735	283
2010	863	112
2010	1369	475
2010	1372	794
2010	1411	89
2010	1412	1466
2010	1413	103
2010	1415	87
2010	89	1851
2010	3057	542
2010	2544	258
2010	1383	216
2010	1037	190
2010	701	206
2010	475	408
2010	301	469
2010	300	290
2010	299	627
2010	295	1358
2010	294	952
2010	292	986
2010	288	780
2010	257	691
2010	171	204
2010	157	498
2010	89	1222
2010	1249	250
2010	704	1222
2010	300	4779
2010	292	9678
2010	89	6469
2010	498	3877
2010	333	1998
2010	289	61440
2010	283	1562
2010	6646	142
2010	526	336
2010	304	859
2010	302	4130
2010	301	670
2010	18068	22
2010	2397	20
2010	67	41216
2010	1416	139
2010	2023	21
2010	1937	31
2010	1936	26
2010	1449	22
2010	484	20
2010	476	21
2010	6604	73
2010	6594	210
2010	6593	222
2010	691	326
2010	466	33
2010	465	61
2010	458	21
2010	457	19
2010	1425	141
2010	2343	115
2010	456	25
2010	332	53
2010	6576	237
2010	6575	276
2010	320	42
2010	2787	416
2010	2855	229
2010	2899	113
2010	5833	470
2010	3308	84
2010	4787	744
2010	3774	727
2010	300	57
2010	3888	231
2010	4124	259
2010	4180	384
2010	294	76
2010	4251	76
2010	4460	151
2010	67	108
2010	4784	71
2010	5172	235
2010	2579	321
2010	2372	111
2010	6165	207
2010	6362	118
2010	8546	93
2010	1994	363
2010	9347	234
2010	2364	140
2010	11501	227
2010	16139	74
2010	230	172
2010	949	295
2010	311	147
2010	2358	281
2010	497	1825
2010	370	1163
2010	707	574
2010	966	461
2010	1854	4479
2010	328	1565
2010	404	624
2010	1401	1232
2010	2804	697
2010	6565	337
2010	6564	357
2010	2357	292
2010	2356	355
2010	6562	1893
2010	14840	6506
2010	2354	495
2010	5988	624
2010	4814	908
2010	4713	555
2010	7194	628
2010	4566	1262
2010	2083	357
2010	1037	601
2010	2394	380
2010	5237	1613
2010	543	576
2010	15675	134
2010	527	460
2010	16170	914
2010	525	412
2010	485	692
2010	466	489
2010	331	576
2010	7	273
2010	407	187
2010	420	106
2010	986	100
2010	310	509
2010	1112	245
2010	300	291
2010	296	276
2010	1124	92
2010	295	1637
2010	1491	498
2010	292	1215
2010	1700	204
2010	2756	80
2010	288	903
2010	2832	122
2010	285	11477
2010	262	1010
2010	3528	75
2010	257	3043
2010	3886	79
2010	67	4706
2010	55	3759
2010	230	1370
2010	6550	110
2010	6545	196
2010	6544	476
2010	6543	914
2010	6542	2405
2010	5460	205
2010	5079	4458
2010	3558	2201
2010	2094	369
2010	1091	1350
2010	1066	681
2010	524	744
2010	466	3727
2010	461	986
2010	458	1015
2010	386	855
2010	344	896
2010	300	1191
2010	289	817
2010	288	515
2010	89	1939
2010	4887	617
2010	466	12620
2010	344	16375
2010	311	1052
2010	300	183
2010	292	9452
2010	291	1203
2010	603	408
2010	88	1989
2010	56	409
2010	4895	140
2010	6520	119
2010	6518	129
2010	6517	138
2010	6515	182
2010	6514	185
2010	6510	358
2010	6509	429
2010	6507	442
2010	6503	1079
2010	6502	1143
2010	6501	1158
2010	6499	1643
2010	6498	1767
2010	6497	1835
2010	5249	2058
2010	3280	362
2010	2176	241
2010	2044	1651
2010	1842	192
2010	1795	171
2010	1793	450
2010	1397	310
2010	1394	670
2010	1104	681
2010	1099	1188
2010	1073	965
2010	880	1456
2010	734	580
2010	722	143
2010	356	690
2010	238	690
2010	81	1017
2010	72	2542
2010	70	473
2010	67	715
2010	30	1331
2010	2379	436
2010	5791	79
2010	5970	228
2010	6461	61
2010	6458	260
2010	5969	62
2010	3616	156
2010	3470	60
2010	3071	128
2010	2343	111
2010	1416	239
2010	1414	97
2010	1242	87
2010	1185	196
2010	1100	257
2010	735	122
2010	605	170
2010	562	157
2010	554	65
2010	492	149
2010	486	78
2010	316	84
2010	234	52
2010	209	244
2010	207	80
2010	203	161
2010	190	534
2010	65	49
2010	6454	55
2010	3070	61
2010	1464	73
2010	1091	70
2010	913	50
2010	903	72
2010	892	80
2010	679	278
2010	499	58
2010	464	57
2010	412	48
2010	344	153
2010	324	118
2010	292	208
2010	291	118
2010	289	232
2010	288	169
2010	251	56
2010	227	122
2010	204	93
2010	195	50
2010	154	47
2010	89	101
2010	67	48
2010	65	58
2010	6447	223
2010	6446	234
2010	6442	281
2010	6440	292
2010	6439	296
2010	2940	557
2010	2435	516
2010	1180	913
2010	1043	332
2010	498	316
2010	493	640
2010	6427	1023
2010	6967	127
2010	466	4588
2010	527	634
2010	1934	153
2010	6626	142
2010	15101	591
2010	15113	1104
2010	7977	126
2010	18099	445
2010	8625	124
2010	9783	118
2010	13857	181
2010	227	16116
2010	14169	270
2010	1416	348
2010	166	321
2010	14624	209
2010	16181	570
2010	2035	4276
2010	16182	513
2010	16183	367
2010	346	264
2010	955	2679
2010	953	1743
2010	726	4838
2010	644	6661
2010	518	2345
2010	16184	352
2010	16185	206
2010	16186	170
2010	18129	2081
2010	487	93
2010	2185	1608
2010	16187	163
2010	2183	14
2010	6387	2745
2010	16188	139
2010	1556	3498
2010	6385	3159
2010	16190	126
2010	544	12384
2010	330	34
2010	6381	3634
2010	304	40695
2010	6380	3635
2010	292	8052
2010	16191	116
2010	228	17
2010	6378	4421
2010	16192	114
2010	18161	1029
2010	16193	108
2010	18194	436
2010	16194	105
2010	18195	407
2010	6375	12418
2010	16195	101
2010	18200	287
2010	16196	99
2010	18203	227
2010	6373	30614
2010	16197	98
2010	18204	208
2010	5789	2562
2010	16198	94
2010	234	2310
2010	857	491
2010	16199	91
2010	917	1570
2010	4883	6470
2010	16200	89
2010	4732	2582
2010	918	2210
2010	2521	12216
2010	2226	3552
2010	16201	88
2010	163	158
2010	207	10867
2010	16202	86
2010	167	181
2010	1613	2871
2010	16203	85
2010	182	233
2010	1595	5251
2010	207	511
2010	16204	78
2010	227	317
2010	418	172
2010	907	10640
2010	437	162
2010	701	1749
2010	437	2843
2010	687	759
2010	316	8954
2010	16205	74
2010	679	2165
2010	498	3085
2010	302	3156
2010	377	853
2010	301	3170
2010	230	517
2010	89	1342
2010	287	4438
2010	67	302
2010	279	31594
2010	18708	240
2010	266	3637
2010	251	3070
2010	241	9943
2010	2044	28397
2010	440	241
2010	690	673
2010	442	240
2010	857	160
2010	903	255
2010	1090	321
2010	680	1860
2010	498	2687
2010	229	1356
2010	88	3512
2010	65	6494
2010	1934	787
2010	2638	169
2010	1097	158
2010	6309	601
2010	1243	11720
2010	1390	200
2010	1424	125
2010	4616	436
2010	1609	225
2010	8103	245
2010	2632	220
2010	1711	715
2010	3057	176
2010	12480	236
2010	3201	203
2010	4704	152
2010	8136	555
2010	16233	217
2010	16243	173
2010	16246	164
2010	8945	1135
2010	10804	494
2010	16288	82
2010	103	35
2010	238	42
2010	2711	49
2010	4401	38
2010	18229	570
2010	89	3998
2010	418	51
2010	18232	82
2010	2558	160
2010	2346	1151
2010	2182	189
2010	1825	224
2010	1691	86
2010	1249	471
2010	966	77
2010	951	3325
2010	601	360
2010	285	5143
2010	157	12548
2010	1121	67
2010	1731	37
2010	5193	29
2010	7119	35
2010	9362	64
2010	56	117
2010	173	527
2010	207	317
2010	1512	99
2010	16350	22
2010	331	364
2010	468	420
2010	16364	293
2010	16368	47
2010	295	21648
2010	468	4682
2010	2783	624
2010	1081	1376
2010	1505	1494
2010	5268	1124
2010	6389	258
2010	207	704
2010	922	1812
2010	917	29001
2010	707	4547
2010	325	64
2010	6252	76
2010	6250	100
2010	6248	159
2010	5217	130
2010	4342	84
2010	4136	71
2010	3758	239
2010	3563	1040
2010	3197	181
2010	2956	171
2010	2794	1220
2010	2014	1030
2010	1931	157
2010	1874	98
2010	1873	57
2010	1854	587
2010	1378	111
2010	1104	63
2010	1062	55
2010	978	551
2010	966	668
2010	727	67
2010	519	230
2010	503	112
2010	498	89
2010	490	674
2010	488	70
2010	487	119
2010	407	196
2010	403	204
2010	377	236
2010	222	90
2010	175	143
2010	89	101
2010	7	95
2010	6236	406
2010	18237	40
2010	56	1606
2010	84	554
2010	4257	1024
2010	424	163
2010	18709	231
2010	18712	182
2010	546	115
2010	1854	905
2010	1398	362
2010	1400	120
2010	686	26
2010	1243	712
2010	18717	132
2010	106	354
2010	1094	2076
2010	18719	118
2010	522	927
2010	1405	105
2010	856	685
2010	521	939
2010	615	845
2010	1408	637
2010	3200	2690
2010	504	758
2010	359	778
2010	4595	74
2010	226	678
2010	5492	264
2010	5934	947
2010	520	953
2010	16486	37
2010	171	662
2010	18257	103
2010	167	1338
2010	18260	78
2010	55	330
2010	67	68
2010	424	1042
2010	458	1209
2010	486	176
2010	689	1142
2010	1101	225
2010	1048	1018
2010	6199	207
2010	1097	3746
2010	1409	492
2010	288	177
2010	1511	223
2010	291	383
2010	2134	439
2010	89	10666
2010	466	920
2010	693	2602
2010	779	5235
2010	805	1046
2010	6140	881
2010	808	1208
2010	292	2636
2010	816	2460
2010	4742	2523
2010	1035	1860
2010	1180	3321
2010	519	982
2010	1182	863
2010	1185	2436
2010	1188	3329
2010	1196	2939
2010	1709	911
2010	1281	1070
2010	1557	1862
2010	1670	1838
2010	1678	538
2010	630	1396
2010	1853	2506
2010	1868	4222
2010	554	803
2010	2200	1490
2010	212	1845
2010	2214	4227
2010	2617	1520
2010	2618	2434
2010	6131	598
2010	2959	676
2010	6120	1492
2010	1133	367
2010	439	1541
2010	421	576
2010	324	847
2010	65	694
2010	4168	1625
2010	5126	1379
2010	5969	2955
2010	6016	2489
2010	14443	1259
2010	14444	3472
2010	454	194
2010	1552	612
2010	16414	249
2010	11613	25
2010	55	77
2010	65	58
2010	80	39
2010	89	1910
2010	288	93
2010	289	61
2010	291	130
2010	292	191
2010	296	54
2010	306	97
2010	314	58
2010	318	40
2010	328	375
2010	293	448
2010	294	190
2010	296	2239
2010	311	419
2010	318	352
2010	325	99
2010	466	283
2010	329	34
2010	6041	487
2010	6040	554
2010	6039	669
2010	528	333
2010	6034	835
2010	679	175
2010	4245	792
2010	3686	698
2010	3502	638
2010	891	349
2010	2602	993
2010	1990	1633
2010	1965	577
2010	1451	301
2010	1458	534
2010	4291	105
2010	689	2727
2010	1155	1074
2010	518	1001
2010	1106	1911
2010	899	1950
2010	1383	3543
2010	703	2953
2010	1518	666
2010	599	869
2010	1553	954
2010	1776	1297
2010	237	1589
2010	3078	2688
2010	8264	2789
2010	8592	1166
2010	8724	700
2010	11217	2588
2010	84	562
2010	14185	16702
2010	18264	1689
2010	18266	1163
2010	18267	986
2010	89	2842
2010	288	2937
2010	294	563
2010	299	1096
2010	300	2964
2010	306	714
2010	349	151
2010	374	78
2010	377	313
2010	344	1483
2010	378	42
2010	377	57
2010	349	16
2010	325	12
2010	301	11
2010	299	35
2010	289	281
2010	190	20
2010	5992	3
2010	5987	9
2010	913	193
2010	464	597
2010	528	638
2010	548	1057
2010	686	1336
2010	701	1589
2010	907	609
2010	915	626
2010	89	2840
2010	2981	151
2010	1690	76
2010	1034	5897
2010	300	188
2010	5968	357
2010	2020	540
2010	3319	736
2010	4387	365
2010	4096	469
2010	3200	327
2010	2429	619
2010	3404	755
2010	1204	414
2010	757	5845
2010	18292	800
2010	18299	611
2010	288	28
2010	528	865
2010	4264	516
2010	18305	961
2010	18308	230
2010	18311	181
2010	422	306
2010	538	552
2010	405	61
2010	430	62
2010	464	1481
2010	475	67
2010	498	48
2010	5896	272
2010	707	403
2010	234	140
2010	2312	351
2010	13503	94
2010	5852	202
2010	17981	292
2010	18333	86
2010	517	1177
2010	1867	113
2010	1859	210
2010	1855	463
2010	1852	1731
2010	371	2718
2010	55	1245
2010	65	1147
2010	67	1659
2010	88	1406
2010	331	1672
2010	516	1183
2010	418	5694
2010	525	62
2010	5160	503
2010	732	979
2010	289	2407
2010	532	612
2010	5797	565
2010	5793	1190
2010	774	1053
2010	703	327
2010	190	1264
2010	704	1155
2010	907	42
2010	914	563
2010	1026	130
2010	1179	353
2010	2526	100
2010	4024	259
2010	4561	64
2010	5766	2037
2010	292	55784
2010	5750	525
2010	4492	79
2010	706	567
2010	5149	1170
2010	5307	191
2010	689	2100
2010	5537	83
2010	5947	600
2010	6567	42
2010	14802	55
2010	16491	321
2010	16492	59
2010	16493	50
2010	16497	3
2010	56	194
2010	515	1222
2010	5742	184
2010	514	1227
2010	5741	198
2010	72	128
2010	154	106
2010	5737	254
2010	513	1250
2010	5730	533
2010	1097	1104
2010	205	164
2010	5724	945
2010	1243	1707
2010	289	9017
2010	512	1260
2010	511	1278
2010	510	1341
2010	509	1434
2010	508	1495
2010	507	1547
2010	506	1591
2010	505	1596
2010	504	1646
2010	503	1714
2010	502	2303
2010	501	2378
2010	500	2471
2010	499	3080
2010	498	3134
2010	497	3226
2010	496	3407
2010	495	3526
2010	494	3648
2010	493	3727
2010	492	3823
2010	5696	234
2010	5695	239
2010	4611	616
2010	491	3837
2010	2342	3440
2010	72	6918
2010	331	10723
2010	5668	67
2010	4342	41
2010	1249	50
2010	955	94
2010	918	60
2010	724	51
2010	7	35
2010	173	609
2010	233	1162
2010	519	124
2010	768	795
2010	808	116
2010	854	301
2010	856	226
2010	857	488
2010	917	339
2010	923	189
2010	1083	164
2010	1104	318
2010	1122	98
2010	1142	128
2010	1179	482
2010	1398	256
2010	1192	228
2010	4811	324
2010	701	60849
2010	525	7737
2010	300	35203
2010	490	4527
2010	5623	170
2010	489	7399
2010	488	7425
2010	5620	302
2010	1531	127
2010	5618	468
2010	3444	516
2010	5616	1104
2010	5614	6735
2010	5242	132
2010	8215	148
2010	3478	22370
2010	3472	203
2010	2786	1167
2010	2343	201
2010	10859	144
2010	2070	11492
2010	487	7867
2010	1811	1007
2010	11042	230
2010	16502	277
2010	1639	313
2010	1513	247
2010	1412	246
2010	1369	199
2010	1249	1299
2010	1244	2576
2010	1103	216
2010	959	1053
2010	486	24097
2010	874	255
2010	868	2962
2010	857	157
2010	735	3280
2010	466	1485
2010	707	209
2010	706	214
2010	407	1600
2010	630	1920
2010	599	2315
2010	562	378
2010	511	370
2010	441	144
2010	234	1456
2010	405	1034
2010	220	137
2010	212	1693
2010	163	857
2010	378	31617
2010	159	281
2010	377	59695
2010	524	6593
2010	544	788
2010	6448	2724
2010	16560	440
2010	16563	153
2010	289	5713
2010	292	3469
2010	55	92
2010	89	712
2010	161	113
2010	289	4850
2010	300	285
2010	466	568
2010	525	365
2010	3393	644
2010	461	781
2010	355	499
2010	1084	4388
2010	7810	718
2010	12218	510
2010	12552	939
2010	13182	15087
2010	13183	1409
2010	13184	819
2010	13185	817
2010	13186	1000
2010	13187	723
2010	13189	359
2010	13190	353
2010	13206	560
2010	13209	1589
2010	16609	1052
2010	16610	966
2010	16612	733
2010	16614	521
2010	16616	373
2010	16617	341
2010	16622	262
2010	16624	234
2010	2939	421
2010	1463	86
2010	1409	617
2010	906	1093
2010	475	6259
2010	292	7099
2010	344	5489
2010	333	23961
2010	300	1064
2010	288	3072
2010	230	2110
2010	191	4259
2010	440	1720
2010	1609	1114
2010	2277	1518
2010	2398	1615
2010	2521	2123
2010	2632	2723
2010	189	2976
2010	8676	1104
2010	89	20265
2010	72	2144
2010	18335	2577
2010	257	509
2010	288	3169
2010	292	5249
2010	89	12582
2010	5502	93
2010	295	1583
2010	300	1712
2010	344	1757
2010	18723	87
2010	461	1694
2010	18724	84
2010	228	1279
2010	466	3869
2010	65	240
2010	193	155
2010	565	35
2010	5348	67
2010	288	8887
2010	1379	2345
2010	6400	149
2010	6678	481
2010	9321	105
2010	102	662
2010	72	3706
2010	89	2468
2010	190	23
2010	159	173
2010	72	771
2010	1412	421
2010	5467	192
2010	5460	1237
2010	5459	1626
2010	4814	3781
2010	4137	434
2010	1114	5362
2010	89	21536
2010	228	164
2010	16646	308
2010	16657	52
2010	16660	36
2010	680	107
2010	3288	51
2010	16664	34
2010	207	1956
2010	212	1129
2010	498	678
2010	614	5605
2010	924	555
2010	1639	200
2010	3797	896
2010	468	719
2010	300	1365
2010	686	290
2010	2801	255
2010	176	421
2010	212	578
2010	227	1602
2010	562	1078
2010	565	507
2010	5419	344
2010	580	502
2010	56	1272
2010	585	273
2010	599	537
2010	607	615
2010	707	366
2010	728	344
2010	735	319
2010	959	720
2010	1358	420
2010	1369	1142
2010	1372	862
2010	1412	2596
2010	1413	686
2010	1426	281
2010	1757	597
2010	1806	319
2010	618	1951
2010	554	433
2010	2342	292
2010	429	1075
2010	2786	391
2010	2855	1036
2010	2864	287
2010	227	2118
2010	3470	306
2010	3481	1186
2010	134	77
2010	4251	417
2010	89	1443
2010	4784	515
2010	4790	297
2010	5416	1166
2010	5844	232
2010	7047	1055
2010	8111	254
2010	8126	500
2010	13123	474
2010	5319	95
2010	292	227
2010	5304	922
2010	302	296
2010	333	382
2010	5296	1005
2010	3481	1150
2010	1411	2453
2010	227	2213
2010	163	123065
2010	470	1042
2010	344	79144
2010	5260	5
2010	5259	6
2010	5255	14
2010	5254	18
2010	3768	8
2010	1409	4
2010	159	3
2010	99	4
2010	51	23
2010	3398	1018
2010	757	807
2010	691	202
2010	540	295
2010	533	370
2010	498	4881
2010	481	839
2010	432	2289
2010	5251	190
2010	5240	723
2010	5218	735
2010	1286	126
2010	1206	1596
2010	3109	4340
2010	2845	216
2010	498	853
2010	9936	1607
2010	10038	2499
2010	5201	30
2010	526	220
2010	5199	61
2010	5198	68
2010	5197	69
2010	5189	80
2010	5188	82
2010	5185	94
2010	5184	96
2010	5183	98
2010	5182	112
2010	5181	118
2010	5180	123
2010	130	85
2010	4863	63
2010	4316	236
2010	3995	57
2010	3868	95
2010	3132	148
2010	3121	65
2010	3109	119
2010	1824	95
2010	1801	78
2010	1407	64
2010	1395	78
2010	1009	58
2010	328	59
2010	238	119
2010	81	193
2010	66	91
2010	57	174
2010	16352	97
2010	16704	234
2010	16705	188
2010	16711	51
2010	16712	47
2010	16713	39
2010	55	265
2010	65	388
2010	67	642
2010	89	308
2010	154	755
2010	157	591
2010	190	186
2010	199	374
2010	229	274
2010	257	174
2010	285	345
2010	295	171
2010	296	257
2010	298	216
2010	300	334
2010	301	213
2010	302	348
2010	306	160
2010	352	250
2010	377	182
2010	389	216
2010	418	329
2010	458	137
2010	461	190
2010	465	227
2010	466	225
2010	468	145
2010	475	236
2010	485	300
2010	532	263
2010	548	174
2010	686	212
2010	689	187
2010	690	141
2010	906	440
2010	1098	563
2010	1390	200
2010	1400	349
2010	2083	277
2010	4566	168
2010	65	1408
2010	5164	13
2010	173	1004
2010	190	3524
2010	344	1975
2010	5147	959
2010	89	1054
2010	56	164
2010	5127	1583
2010	461	556
2010	679	292
2010	128	89
2010	72	3445
2010	101	13176
2010	614	1368
2010	1639	211
2010	16437	443
2010	1660	783
2010	3427	1283
2010	1694	4
2010	1632	1561
2010	226	238
2010	1690	9
2010	228	1486
2010	229	2031
2010	377	851
2010	486	510
2010	683	639
2010	964	376
2010	1974	168
2010	1988	216
2010	288	823
2010	1713	12
2010	4025	11
2010	5149	4
2010	1686	109
2010	1685	141
2010	1684	178
2010	16751	38
2010	4481	113
2010	16760	4077
2010	16762	385
2010	16763	341
2010	16767	165
2010	16770	131
2010	16771	119
2010	2548	8530
2010	1683	377
2010	5017	1461
2010	4880	135
2010	4180	706
2010	2790	2374
2010	1682	1023
2010	1389	1212
2010	1597	525
2010	16778	1211
2010	458	456
2010	1458	47
2010	1453	273
2010	89	280
2010	1244	6
2010	908	158
2010	892	275
2010	622	1310
2010	835	43
2010	757	409
2010	1732	678
2010	16787	249
2010	288	27486
2010	332	3739
2010	4994	451
2010	686	4
2010	681	4269
2010	523	124
2010	234	1669
2010	16564	2209
2010	16808	302
2010	89	2662
2010	300	6371
2010	352	1235
2010	464	270
2010	528	652
2010	679	2411
2010	1451	128
2010	1455	281
2010	2981	120
2010	1553	412
2010	1755	481
2010	1795	176
2010	3670	425
2010	4208	226
2010	5441	488
2010	6137	231
2010	6472	166
2010	7857	326
2010	11182	408
2010	11484	319
2010	12021	233
2010	16842	282
2010	16852	197
2010	1375	3
2010	16857	129
2010	16862	3
2010	16866	2
2010	531	586
2010	288	772
2010	289	4377
2010	292	1535
2010	352	550
2010	679	1943
2010	16875	41
2010	16890	292
2010	89	64
2010	198	156
2010	378	45
2010	412	60
2010	497	60
2010	498	83
2010	504	95
2010	834	47
2010	857	68
2010	466	46
2010	461	8204
2010	2130	1499
2010	344	416
2010	1037	69
2010	1044	60
2010	1650	133
2010	4939	419
2010	4938	432
2010	4934	662
2010	2923	571
2010	2203	558
2010	1863	761
2010	1853	303
2010	1568	299
2010	1195	394
2010	1188	375
2010	825	400
2010	691	856
2010	682	952
2010	547	1190
2010	475	854
2010	4921	108
2010	1825	440
2010	157	5849
2010	333	455
2010	461	179
2010	289	333
2010	1672	454
2010	325	171
2010	2548	56650
2010	3333	188
2010	321	236
2010	300	1412
2010	4829	1021
2010	292	1000
2010	802	15049
2010	291	4
2010	4801	88
2010	4459	159
2010	3011	321
2010	2899	102
2010	289	4474
2010	89	1770
2010	67	1225
2010	1670	13000
2010	2839	274
2010	779	10000
2010	1188	1151
2010	18371	570
2010	1412	1022
2010	7	1752
2010	13	539
2010	30	1096
2010	36	741
2010	704	653
2010	682	701
2010	504	712
2010	518	375
2010	300	4332
2010	1714	578
2010	89	1872
2010	930	1288
2010	953	610
2010	1104	11504
2010	1131	239
2010	1412	1110
2010	1360	1044
2010	1104	1010
2010	918	3549
2010	707	1231
2010	503	1446
2010	4768	93
2010	4767	140
2010	2020	167
2010	1021	133
2010	915	143
2010	701	149
2010	644	165
2010	532	87
2010	466	1116
2010	464	2417
2010	461	269
2010	386	1143
2010	338	194
2010	333	116
2010	292	1141
2010	289	525
2010	288	1315
2010	163	380
2010	1803	1263
2010	2790	301
2010	301	3654
2010	7634	67
2010	11042	45
2010	16895	45
2010	3693	214
2010	53	972
2010	65	2546
2010	70	898
2010	154	1968
2010	163	2275
2010	182	1822
2010	190	1483
2010	196	1141
2010	203	958
2010	206	1252
2010	207	1667
2010	217	1438
2010	220	1090
2010	1501	85
2010	222	882
2010	227	7718
2010	228	952
2010	229	1574
2010	234	947
2010	366	1569
2010	423	1162
2010	4242	127
2010	2498	202
2010	498	184
2010	486	156
2010	466	486
2010	333	800
2010	306	137
2010	288	318
2010	190	471
2010	89	1317
2010	1499	92
2010	1491	161
2010	1489	179
2010	1486	226
2010	1481	502
2010	4631	3269
2010	1443	94
2010	1400	112
2010	1106	197
2010	913	85
2010	4627	8636
2010	907	228
2010	424	1077
2010	425	1431
2010	701	240
2010	4625	10776
2010	461	106
2010	314	144
2010	312	282
2010	310	117
2010	203	1455
2010	306	108
2010	4619	413
2010	4618	772
2010	289	137
2010	4616	3542
2010	288	124
2010	3317	387
2010	3171	729
2010	166	87
2010	2176	644
2010	2051	393
2010	1980	524
2010	1934	467
2010	410	241
2010	1613	571
2010	1511	1099
2010	1507	488
2010	89	156
2010	1055	652
2010	40	79
2010	701	472
2010	691	606
2010	679	1115
2010	1467	225
2010	547	1285
2010	1465	3836
2010	475	618
2010	1464	4085
2010	468	1102
2010	295	6
2010	344	532
2010	283	122
2010	333	487
2010	331	373
2010	329	1201
2010	327	1764
2010	265	17
2010	227	15
2010	314	832
2010	180	586
2010	301	2309
2010	300	1134
2010	67	17476
2010	295	9726
2010	1463	219
2010	1462	228
2010	292	3477
2010	1461	392
2010	289	698
2010	1460	404
2010	288	4769
2010	1459	477
2010	257	1171
2010	234	927
2010	1458	1392
2010	204	406
2010	1037	275
2010	191	1721
2010	190	7774
2010	154	812
2010	89	1435
2010	972	788
2010	908	1157
2010	65	1679
2010	429	885
2010	437	1188
2010	439	1497
2010	602	1074
2010	615	1270
2010	618	1000
2010	622	1266
2010	689	1068
2010	709	1918
2010	757	925
2010	858	1404
2010	898	1531
2010	903	44472
2010	1048	1033
2010	1090	864
2010	1097	1141
2010	1098	2935
2010	1244	944
2010	1390	1258
2010	1400	2462
2010	1424	2262
2010	1486	1356
2010	2083	962
2010	2524	975
2010	3057	4301
2010	3902	973
2010	8710	920
2010	16919	173
2010	72	4551
2010	75	154
2010	90	167
2010	450	282
2010	868	58
2010	880	339
2010	903	356
2010	1061	193
2010	1075	298
2010	794	233
2010	1379	259
2010	1700	95
2010	1713	450
2010	1739	148
2010	1786	51
2010	1787	759
2010	1897	49
2010	790	252
2010	2071	49
2010	701	422
2010	679	736
2010	3057	44
2010	3191	278
2010	686	1223
2010	681	1075
2010	680	247
2010	540	440
2010	525	331
2010	523	1044
2010	498	336
2010	475	276
2010	469	276
2010	466	2098
2010	465	336
2010	464	231
2010	461	1679
2010	456	1743
2010	455	663
2010	344	998
2010	333	1001
2010	325	607
2010	318	1344
2010	317	243
2010	5545	86
2010	732	304
2010	16950	90
2010	227	1197
2010	77	662
2010	85	288
2010	89	172
2010	152	523
2010	180	421
2010	227	1411
2010	228	171
2010	599	887
2010	706	170
2010	707	579
2010	874	1095
2010	1001	316
2010	1019	169
2010	1076	221
2010	1369	151
2010	2580	1099
2010	2787	140
2010	3920	724
2010	4516	178
2010	4515	328
2010	2803	2832
2010	2799	426
2010	2097	371
2010	2094	1157
2010	2092	1935
2010	1918	504
2010	1904	9945
2010	701	2459
2010	543	84
2010	393	127
2010	344	128
2010	333	243
2010	305	1412
2010	292	55045
2010	291	1118
2010	289	8669
2010	257	26064
2010	67	1690
2010	55	8119
2010	310	834
2010	300	545
2010	299	340
2010	298	642
2010	5020	651
2010	4505	1085
2010	4504	1124
2010	294	302
2010	293	451
2010	4502	1319
2010	292	1075
2010	289	12197
2010	4499	3506
2010	4498	3835
2010	4497	3947
2010	288	1194
2010	257	346
2010	4021	1487
2010	157	197
2010	3549	997
2010	230	7454
2010	182	211
2010	209	195
2010	2944	519
2010	701	993
2010	464	3052
2010	212	300
2010	2169	527
2010	352	254
2010	227	8891
2010	295	3269
2010	234	293
2010	288	194
2010	300	212
2010	292	1052
2010	321	740
2010	831	829
2010	288	31427
2010	437	232
2010	503	2178
2010	461	2359
2010	475	320
2010	681	544
2010	694	467
2010	717	350
2010	733	484
2010	735	209
2010	868	187
2010	945	495
2010	959	314
2010	1242	234
2010	1246	638
2010	1414	746
2010	1416	398
2010	2265	621
2010	3071	524
2010	4920	212
2010	12209	431
2010	17010	201
2010	289	1775
2010	300	51
2010	318	380
2010	344	2676
2010	251	146
2010	461	3104
2010	679	1108
2010	686	2160
2010	908	4245
2010	1428	95
2010	1458	257
2010	641	168
2010	1432	849
2010	1428	4376
2010	4149	1747
2010	17081	1315
2010	4426	65
2010	2902	193
2010	2192	160
2010	1650	64
2010	1072	661
2010	868	1952
2010	814	58
2010	250	94
2010	88	192
2010	72	2806
2010	65	384
2010	17087	310
2010	746	476
2010	11352	181
2010	17092	369
2010	9550	536
2010	12439	79
2010	12447	213
2010	12454	231
2010	17095	402
2010	17096	319
2010	17098	257
2010	17100	224
2010	17102	183
2010	4407	142
2010	802	11126
2010	4398	388
2010	17103	147
2010	17104	140
2010	17105	134
2010	17106	130
2010	288	6497
2010	1410	120
2010	17107	121
2010	17109	116
2010	17110	115
2010	17111	113
2010	17112	112
2010	2624	5563
2010	17113	112
2010	2475	231
2010	17114	107
2010	17115	102
2010	17117	96
2010	17118	93
2010	17119	91
2010	2026	1805
2010	17124	88
2010	17125	83
2010	17128	81
2010	1901	230
2010	17131	80
2010	17132	80
2010	17134	78
2010	17135	76
2010	17136	76
2010	67	1242
2010	157	1212
2010	289	1026
2010	455	584
2010	523	262
2010	906	1137
2010	2021	565
2010	2022	419
2010	4355	37
2010	1409	123
2010	2788	256
2010	2179	134
2010	1807	469
2010	704	750
2010	157	7462
2010	89	189
2010	67	5755
2010	1408	128
2010	2094	405
2010	2523	550
2010	4350	732
2010	4310	554
2010	17143	486
2010	17153	142
2010	533	1069
2010	511	166
2010	706	904
2010	707	2166
2010	72	6825
2010	30	6713
2010	4308	101
2010	4295	895
2010	3046	1602
2010	1713	7898
2010	1379	387
2010	1091	111
2010	1075	298
2010	1072	1660
2010	1062	130
2010	1061	894
2010	1001	1333
2010	6582	122
2010	6150	10154
2010	6140	1432
2010	4649	296
2010	4520	137
2010	3890	79
2010	3324	324
2010	2075	273
2010	1726	432
2010	1148	722
2010	1104	445
2010	1098	916
2010	1073	743
2010	981	133
2010	910	111
2010	728	186
2010	454	226
2010	418	3323
2010	375	688
2010	349	288
2010	348	188
2010	300	232
2010	298	1743
2010	238	170
2010	227	743
2010	190	260
2010	163	154
2010	157	200
2010	89	169
2010	70	868
2010	58	202
2010	11625	44
2010	11606	174
2010	10890	64
2010	769	127
2010	751	250
2010	8027	99
2010	8689	83
2010	8802	827
2010	11629	575
2010	11630	249
2010	516	304
2010	190	311
2010	11631	185
2010	187	194
2010	173	16895
2010	11632	181
2010	165	195
2010	1672	12487
2010	159	154
2010	72	56884
2010	63	1067
2010	1405	171
2010	724	587
2010	841	712
2010	843	250
2010	917	2974
2010	1404	180
2010	918	1985
2010	922	305
2010	289	2041
2010	4271	155
2010	4270	174
2010	4268	225
2010	4267	227
2010	4266	287
2010	4265	320
2010	1522	128
2010	1521	328
2010	1360	844
2010	1358	118
2010	1281	85
2010	1260	165
2010	1254	129
2010	841	133
2010	28	86
2010	1398	268
2010	2840	2780
2010	544	439
2010	1396	452
2010	1714	2881
2010	1395	548
2010	757	247
2010	475	175
2010	4238	708
2010	4237	781
2010	377	1028
2010	11633	177
2010	288	19833
2010	11570	57
2010	11636	112
2010	229	231
2010	11637	107
2010	4230	1125
2010	11638	105
2010	4229	1672
2010	4228	1901
2010	11639	95
2010	11640	89
2010	227	323
2010	207	214
2010	4227	1921
2010	11641	86
2010	11642	84
2010	154	1561
2010	89	878
2010	9354	91
2010	11693	167
2010	4108	2159
2010	291	21086
2010	1459	1252
2010	175	70
2010	323	228
2010	88	582
2010	7419	254
2010	906	808
2010	11720	82
2010	2541	11
2010	3445	252
2010	2783	220
2010	2595	451
2010	2380	327
2010	2369	346
2010	80	431
2010	70	192
2010	1803	234
2010	1412	247
2010	3267	26
2010	1360	391
2010	4795	1
2010	959	452
2010	11736	10
2010	11743	2
2010	11746	1
2010	11751	1
2010	157	69
2010	1188	923
2010	291	47
2010	356	91
2010	360	64
2010	65	635
2010	455	56
2010	718	47
2010	1244	126
2010	1489	124
2010	1694	83
2010	2442	124
2010	2445	75
2010	2449	80
2010	2454	53
2010	2455	165
2010	816	1100
2010	64	6390
2010	2466	69
2010	2467	231
2010	2468	157
2010	2069	1486
2010	3306	92
2010	11484	102
2010	11482	116
2010	11481	121
2010	11479	132
2010	11477	385
2010	11476	425
2010	11475	474
2010	9555	198
2010	7382	320
2010	6048	220
2010	5799	181
2010	5441	182
2010	4437	1592
2010	4123	169
2010	3815	125
2010	2775	325
2010	2711	528
2010	1835	343
2010	1790	203
2010	1737	207
2010	1700	288
2010	1423	584
2010	1418	280
2010	1148	331
2010	1117	938
2010	689	103
2010	632	146
2010	3244	1661
2010	418	474
2010	768	5440
2010	163	586
2010	93	164
2010	63	276
2010	54	118
2010	11472	68
2010	4850	1402
2010	966	99
2010	10604	371
2010	1710	524
2010	5079	193
2010	701	586
2010	759	1063
2010	333	1001
2010	1373	292
2010	3581	172
2010	227	457
2010	11465	301
2010	8703	851
2010	2530	281
2010	2480	264
2010	2139	1471
2010	1504	636
2010	758	4295
2010	863	229
2010	746	311
2010	757	1212
2010	1365	341
2010	1362	385
2010	3588	111
2010	3590	51
2010	1347	773
2010	1341	1216
2010	1261	1055
2010	954	580
2010	333	1129
2010	928	609
2010	937	470
2010	942	461
2010	4181	40
2010	4180	44
2010	4468	55
2010	3373	198
2010	1249	131
2010	1246	289
2010	1047	1082
2010	537	115
2010	533	905
2010	470	430
2010	464	93
2010	412	260
2010	298	132
2010	230	180
2010	227	465
2010	209	151
2010	207	520
2010	190	85
2010	5458	39
2010	3593	53
2010	3601	55
2010	3602	85
2010	3609	56
2010	4535	54
2010	4542	159
2010	8364	49
2010	11405	9
2010	11402	20
2010	331	1187
2010	249	33
2010	8557	101
2010	4178	48
2010	4177	48
2010	4174	56
2010	4173	65
2010	11640	73
2010	11350	242
2010	11349	245
2010	11347	267
2010	11346	270
2010	11345	368
2010	11344	372
2010	11343	387
2010	11342	433
2010	11341	436
2010	11340	485
2010	11339	566
2010	4172	67
2010	11338	757
2010	11337	1093
2010	11336	1424
2010	10130	340
2010	8998	404
2010	4171	79
2010	4932	555
2010	4170	79
2010	4348	5700
2010	3503	833
2010	1826	277
2010	1090	936
2010	969	262
2010	536	233
2010	468	473
2010	285	2380
2010	230	2036
2010	55	2352
2010	1080	136
2010	4168	112
2010	4167	122
2010	4166	193
2010	3927	120
2010	946	1503
2010	2850	50
2010	2621	39
2010	2595	38
2010	2586	84
2010	2203	102
2010	2192	136
2010	2190	65
2010	1541	58
2010	1193	66
2010	1188	77
2010	1180	133
2010	964	41
2010	850	76
2010	5416	207
2010	733	307
2010	533	191
2010	428	62
2010	417	71
2010	298	240
2010	227	2962
2010	208	62
2010	207	420
2010	11768	189
2010	11301	143
2010	10776	99
2010	10689	112
2010	832	51
2010	9465	120
2010	829	142
2010	816	106
2010	5164	368
2010	5161	129
2010	5157	107
2010	5155	632
2010	815	88
2010	814	115
2010	810	125
2010	4460	161
2010	4458	132
2010	4180	362
2010	4165	146
2010	544	67
2010	540	46
2010	2973	424
2010	503	296
2010	2838	336
2010	500	78
2010	2787	406
2010	2343	864
2010	486	733
2010	4159	141
2010	1809	144
2010	4157	225
2010	1808	112
2010	1803	148
2010	1416	213
2010	4156	329
2010	1414	205
2010	1366	238
2010	4155	452
2010	4154	554
2010	1992	267
2010	917	3513
2010	1714	210
2010	733	94
2010	1249	113
2010	227	1091
2010	954	189
2010	163	137
2010	928	457
2010	11298	413
2010	11297	459
2010	11295	575
2010	918	1112
2010	917	427
2010	837	88
2010	707	1416
2010	504	327
2010	503	89
2010	11253	139
2010	4262	47
2010	2346	79
2010	1400	109
2010	533	33
2010	229	25
2010	223	91
2010	220	142
2010	348	124
2010	5079	531
2010	6252	250
2010	6257	730
2010	18389	167
2010	4620	16
2010	11242	363
2010	11240	1041
2010	11238	1263
2010	11237	3584
2010	11236	11720
2010	9082	3347
2010	7945	3911
2010	3399	3846
2010	2982	3263
2010	2533	3381
2010	2407	351
2010	1400	4360
2010	1097	738
2010	704	20118
2010	693	3311
2010	680	95
2010	544	12815
2010	318	443
2010	293	229
2010	230	134
2010	223	15200
2010	191	6943
2010	166	2887
2010	11769	152
2010	11770	83
2010	11771	77
2010	11772	74
2010	11773	72
2010	11774	70
2010	11775	66
2010	11776	66
2010	11777	64
2010	11778	53
2010	11780	49
2010	11781	47
2010	45	4204
2010	4229	12
2010	67	314
2010	306	6
2010	288	725
2010	5787	31
2010	11226	595
2010	9811	449
2010	4106	501
2010	947	478
2010	3621	537
2010	949	1404
2010	953	319
2010	956	324
2010	957	791
2010	1110	351
2010	1866	497
2010	292	1949
2010	1672	10595
2010	1257	851
2010	1190	938
2010	1339	616
2010	1349	424
2010	1350	1026
2010	1352	555
2010	1358	1700
2010	1360	1241
2010	845	510
2010	1364	274
2010	1369	2045
2010	1372	441
2010	1521	421
2010	1522	408
2010	1526	272
2010	1527	638
2010	2004	355
2010	2342	2003
2010	3470	488
2010	3476	420
2010	4156	1235
2010	5585	360
2010	5688	584
2010	5689	329
2010	5899	379
2010	209	1055
2010	2425	543
2010	11797	863
2010	11799	207
2010	11804	142
2010	227	906
2010	257	552
2010	461	745
2010	4061	78
2010	466	432
2010	1098	7564
2010	470	4342
2010	475	247
2010	8696	316
2010	707	318
2010	951	305
2010	17173	845
2010	982	279
2010	1044	530
2010	1189	369
2010	7493	434
2010	1249	417
2010	1513	227
2010	1672	2693
2010	718	267
2010	17174	809
2010	2673	2211
2010	2823	1052
2010	4020	10
2010	2669	850
2010	55	1449
2010	289	15339
2010	292	5001
2010	67	33996
2010	203	849
2010	227	1305
2010	429	950
2010	735	631
2010	1089	4028
2010	1416	2418
2010	3676	260
2010	6222	438
2010	11230	4196
2010	11909	580
2010	3317	922
2010	329	3610
2010	701	8248
2010	2475	716
2010	11960	376
2010	11962	334
2010	89	1852
2010	461	2961
2010	11980	157
2010	53	73
2010	154	47
2010	173	252
2010	226	33
2010	863	21
2010	964	49
2010	1534	28
2010	1755	55
2010	7324	126
2010	1731	4584
2010	371	97
2010	2082	61
2010	2983	68
2010	4747	149
2010	7249	94
2010	8047	47
2010	4448	432
2010	1976	402
2010	8728	357
2010	12036	48
2010	1430	230
2010	4002	130
2010	2548	4373
2010	11164	77
2010	11160	180
2010	11159	202
2010	9260	87
2010	6983	224
2010	4946	105
2010	2823	187
2010	2624	229
2010	1976	200
2010	1555	74
2010	1533	169
2010	1527	123
2010	1412	169
2010	1411	170
2010	1360	425
2010	1358	153
2010	1286	86
2010	1261	77
2010	1257	180
2010	1249	294
2010	1216	120
2010	918	524
2010	917	101
2010	846	180
2010	845	248
2010	843	104
2010	841	531
2010	839	78
2010	707	367
2010	706	957
2010	441	88
2010	238	102
2010	11154	2109
2010	4108	566
2010	157	54
2010	220	120
2010	286	36
2010	567	35
2010	843	79
2010	859	34
2010	1427	53
2010	1957	36
2010	4316	53
2010	6724	95
2010	10394	34
2010	12068	34
2010	4000	663
2010	11117	153
2010	3999	1006
2010	3997	5427
2010	229	1038
2010	2130	438
2010	3333	357
2010	5191	147
2010	11091	348
2010	12139	66
2010	1249	1151
2010	67	633
2010	288	951
2010	289	2142
2010	292	1018
2010	295	1060
2010	301	565
2010	325	1417
2010	2586	1407
2010	461	1144
2010	635	1533
2010	646	1134
2010	681	1258
2010	1428	8014
2010	190	1260
2010	7	32
2010	295	4977
2010	228	70
2010	234	9
2010	1515	158
2010	7822	4143
2010	12168	606
2010	12169	218
2010	81	503
2010	1990	684
2010	3983	437
2010	816	2882
2010	375	2808
2010	1052	998
2010	225	3816
2010	451	1932
2010	1875	8582
2010	615	381
2010	344	216
2010	1119	344
2010	11048	130
2010	17175	784
2010	2493	1660
2010	2964	940
2010	4081	528
2010	6730	168
2010	8904	216
2010	18424	72
2010	12322	239
2010	4230	72
2010	12335	710
2010	2554	2860
2010	166	33
2010	18434	3518
2010	185	30
2010	198	44
2010	1044	40
2010	3978	522
2010	55	357
2010	63	254
2010	67	670
2010	17176	607
2010	241	120
2010	251	265
2010	89	2205
2010	265	367
2010	285	193
2010	17177	572
2010	292	521
2010	455	156
2010	3976	553
2010	479	971
2010	913	118
2010	1081	193
2010	289	1950
2010	1098	851
2010	3973	626
2010	3972	651
2010	1427	544
2010	1820	433
2010	486	1026
2010	1850	166
2010	17178	288
2010	237	38
2010	2783	110
2010	3878	162
2010	6376	145
2010	6722	414
2010	8422	406
2010	154	295
2010	8802	135
2010	12351	222
2010	543	582
2010	701	499
2010	12356	7566
2010	188	487
2010	806	1966
2010	846	1843
2010	2379	1189
2010	292	1068
2010	2654	830
2010	11047	495
2010	11046	517
2010	3967	735
2010	11044	543
2010	11043	549
2010	1316	256
2010	11041	626
2010	11040	709
2010	17179	270
2010	11039	730
2010	11038	888
2010	11037	944
2010	18653	14
2010	11035	1028
2010	11033	1527
2010	1453	734
2010	11004	1170
2010	10742	771
2010	9799	725
2010	6997	742
2010	6901	2379
2010	6637	628
2010	6618	505
2010	4603	732
2010	3965	773
2010	3792	1223
2010	1639	264
2010	3780	508
2010	3357	557
2010	3964	865
2010	2966	407
2010	344	1102
2010	3354	3071
2010	10833	398
2010	3227	4491
2010	2247	556
2010	2227	1191
2010	2222	764
2010	528	360
2010	1520	580
2010	1202	1695
2010	868	630
2010	682	6037
2010	441	813
2010	428	609
2010	278	1612
2010	1541	12663
2010	234	14299
2010	198	953
2010	2210	158
2010	1185	242
2010	1180	355
2010	816	316
2010	11031	734
2010	8027	264
2010	7079	312
2010	6187	904
2010	5754	243
2010	3797	246
2010	3501	311
2010	3259	441
2010	1752	348
2010	1745	441
2010	1390	369
2010	1181	229
2010	1098	307
2010	779	421
2010	757	1624
2010	703	1294
2010	632	269
2010	454	253
2010	430	693
2010	420	962
2010	418	5623
2010	298	347
2010	238	759
2010	237	500
2010	227	383
2010	190	5858
2010	154	5774
2010	81	932
2010	65	583
2010	3962	889
2010	487	773
2010	686	28219
2010	11087	2986
2010	3960	1083
2010	88	336
2010	3958	1182
2010	154	2056
2010	163	982
2010	3956	1228
2010	166	391
2010	3954	1333
2010	699	89
2010	17239	1379
2010	226	217
2010	3951	1647
2010	172	578
2010	3950	2166
2010	18441	100
2010	1820	723
2010	3949	3295
2010	173	5190
2010	1843	221
2010	4348	214
2010	3948	3900
2010	3947	9186
2010	4919	165
2010	89	1343
2010	17276	590
2010	5883	212
2010	222	302
2010	2934	711
2010	157	301
2010	453	584
2010	162	534
2010	845	149
2010	2172	273
2010	2594	151
2010	6463	465
2010	12392	149
2010	10608	224
2010	1460	986
2010	11069	167
2010	1116	391
2010	190	11403
2010	2820	715
2010	12419	24
2010	187	494
2010	12433	260
2010	12439	79
2010	12447	16
2010	12448	16
2010	12461	6
2010	1081	21711
2010	1378	304
2010	12468	5
2010	12476	4
2010	1854	340
2010	362	3942
2010	686	2789
2010	2025	2798
2010	2083	1514
2010	6430	652
2010	12527	75
2010	4436	346
2010	229	71
2010	289	9502
2010	407	999
2010	291	235
2010	298	1871
2010	302	2462
2010	344	1407
2010	403	114
2010	461	160
2010	466	407
2010	486	1085
2010	525	383
2010	536	634
2010	289	24251
2010	682	142
2010	704	3803
2010	989	233
2010	2020	373
2010	3399	61
2010	4254	126
2010	5747	162
2010	5984	198
2010	7655	3598
2010	12547	1253
2010	681	810
2010	163	382
2010	424	3111
2010	15524	235
2010	599	542
2010	89	114672
2010	163	2883
2010	188	655
2010	226	609
2010	233	1070
2010	506	3087
2010	599	539
2010	1420	451
2010	1790	245
2010	3308	752
2010	3417	1337
2010	6075	210
2010	6730	1220
2010	7123	247
2010	8231	610
2010	8866	356
2010	12585	4493
2010	12628	236
2010	12630	184
2010	12635	119
2010	12639	108
2010	344	5199
2010	458	4452
2010	1104	135
2010	344	4133
2010	461	1143
2010	681	634
2010	6543	3499
2010	5950	321
2010	3127	1122
2010	437	170
2010	5032	2008
2010	11236	606
2010	1678	4750
2010	12680	2362
2010	1047	360
2010	11236	645
2010	1045	1489
2010	12683	850
2010	12685	792
2010	12686	723
2010	371	1876
2010	499	2143
2010	289	3199
2010	1725	1000
2010	466	667
2010	464	1569
2010	1809	1008
2010	300	569
2010	2652	635
2010	432	107
2010	1116	261
2010	1351	241
2010	1789	230
2010	5490	755
2010	5845	455
2010	17327	315
2010	190	246
2010	292	1864
2010	498	12021
2010	704	2742
2010	190	3605
2010	2020	30605
2010	3393	16439
2010	370	545
2010	197	1928
2010	198	412
2010	7750	1211
2010	949	243
2010	203	1572
2010	2143	160
2010	17339	326
2010	1294	1046
2010	53	55
2010	3902	202
2010	3901	252
2010	3897	442
2010	10961	48
2010	5001	43
2010	4927	97
2010	4918	117
2010	1934	83
2010	1905	41
2010	3280	233
2010	1632	51
2010	1406	61
2010	1380	53
2010	1375	87
2010	1075	300
2010	1990	366
2010	910	1575
2010	715	57
2010	689	180
2010	511	1839
2010	510	96
2010	498	200
2010	1983	251
2010	486	136
2010	378	93
2010	1167	97
2010	377	103
2010	1109	236
2010	295	105
2010	220	105
2010	190	7420
2010	961	324
2010	173	764
2010	506	428
2010	65	2477
2010	7	45
2010	3078	1833
2010	418	598
2010	4170	574
2010	70	104
2010	4177	6312
2010	2531	360
2010	72	3571
2010	2370	473
2010	70	109
2010	81	70
2010	103	172
2010	208	1079
2010	2966	295
2010	373	729
2010	292	1095
2010	89	4263
2010	3788	322
2010	4971	190
2010	1994	630
2010	14892	122
2010	1992	356
2010	220	427
2010	190	10673
2010	821	387
2010	234	735
2010	238	61
2010	418	487
2010	454	65
2010	4375	387
2010	7724	468
2010	8013	1289
2010	9279	308
2010	12747	278
2010	72	4188
2010	154	3310
2010	159	2179
2010	162	3175
2010	190	2480
2010	229	652
2010	374	899
2010	407	2051
2010	621	825
2010	10909	79
2010	10906	157
2010	10390	152
2010	1974	53
2010	632	32
2010	188	205
2010	183	68
2010	152	219
2010	774	454
2010	1713	652
2010	621	136
2010	1858	3156
2010	2775	4669
2010	3414	489
2010	5966	538
2010	6046	447
2010	11806	926
2010	12762	1132
2010	12766	594
2010	488	1884
2010	10858	182
2010	1179	340
2010	1547	358
2010	8726	548
2010	12778	569
2010	466	323
2010	748	107
2010	851	237
2010	629	285
2010	416	450
2010	755	48
2010	1383	117
2010	1418	98
2010	1700	90
2010	1709	146
2010	1717	68
2010	1731	95
2010	2407	100
2010	3703	140
2010	4230	179
2010	4232	53
2010	4994	58
2010	5805	77
2010	6151	93
2010	8027	116
2010	8870	139
2010	11562	52
2010	15760	73
2010	17379	877
2010	17380	275
2010	17381	167
2010	17382	150
2010	17383	119
2010	17384	108
2010	17385	93
2010	17386	71
2010	17387	68
2010	10829	161
2010	17388	62
2010	5082	777
2010	5110	1032
2010	17389	61
2010	8407	1862
2010	12795	3546
2010	12798	764
2010	12803	501
2010	17390	61
2010	12808	430
2010	17391	57
2010	12812	316
2010	17392	52
2010	17393	52
2010	12814	301
2010	17395	47
2010	72	1091
2010	10824	276
2010	2440	28
2010	2080	275
2010	2050	199
2010	1438	76
2010	378	2212
2010	253	38
2010	10822	806
2010	278	130
2010	1249	119
2010	295	5851
2010	17424	3843
2010	17428	255
2010	17437	115
2010	17450	27
2010	498	1130
2010	237	481
2010	499	1458
2010	436	14690
2010	2959	312
2010	333	1787
2010	9212	216
2010	7357	274
2010	7331	335
2010	5818	374
2010	1536	314
2010	1531	389
2010	1524	318
2010	1523	397
2010	1369	268
2010	1344	406
2010	1261	1102
2010	947	428
2010	917	415
2010	10762	95
2010	10758	101
2010	10756	107
2010	10754	122
2010	10753	123
2010	10750	128
2010	10748	150
2010	10746	171
2010	10744	209
2010	10743	255
2010	10742	362
2010	3430	204
2010	1513	406
2010	1504	519
2010	1083	166
2010	732	190
2010	234	285
2010	292	1142
2010	64	735
2010	1709	335
2010	2309	781
2010	10716	1177
2010	691	827
2010	5245	1145
2010	6150	2862
2010	11638	316
2010	1009	4013
2010	701	976
2010	3760	6180
2010	10682	439
2010	333	162
2010	3603	624
2010	8589	630
2010	7660	1424
2010	14501	128
2010	4706	214
2010	17467	1
2010	3404	3428
2010	2022	653
2010	1990	368
2010	1485	462
2010	1034	10623
2010	901	380
2010	697	1640
2010	535	235
2010	526	478
2010	466	3920
2010	2436	3200
2010	441	469
2010	1459	4494
2010	12825	348
2010	12829	253
2010	67	126
2010	544	763
2010	190	59
2010	251	67
2010	288	183
2010	289	178
2010	292	258
2010	295	131
2010	306	83
2010	701	283
2010	792	60
2010	2395	78
2010	265	2289
2010	2523	70
2010	6246	313
2010	5256	180
2010	3739	102
2010	2220	131
2010	1520	101
2010	1379	227
2010	1104	506
2010	1099	1018
2010	1061	518
2010	701	163
2010	605	1476
2010	529	280
2010	511	141
2010	463	243
2010	318	370
2010	295	227
2010	288	210
2010	253	166
2010	166	133
2010	89	386
2010	88	177
2010	72	4627
2010	70	301
2010	67	733
2010	66	176
2010	544	1909
2010	683	3352
2010	10642	136
2010	4702	238
2010	906	3915
2010	292	1327
2010	4558	656
2010	2821	318
2010	1250	320
2010	7837	87
2010	504	915
2010	10611	376
2010	10609	591
2010	6159	1306
2010	3347	358
2010	2139	467
2010	1944	482
2010	1418	621
2010	433	333
2010	222	731
2010	218	525
2010	10603	69
2010	10602	81
2010	1400	696
2010	10600	99
2010	8155	158
2010	982	1235
2010	7340	390
2010	229	967
2010	1854	200
2010	1507	53
2010	1449	99
2010	1394	605
2010	1377	239
2010	1099	778
2010	548	68
2010	182	507
2010	490	77
2010	484	207
2010	65	3008
2010	403	77
2010	173	1175
2010	353	75
2010	317	214
2010	302	155
2010	80	456
2010	295	57
2010	1222	772
2010	234	11081
2010	9183	100
2010	9777	97
2010	12561	124
2010	12922	106
2010	12923	90
2010	10581	13
2010	10580	14
2010	10579	17
2010	10577	19
2010	10576	20
2010	10574	21
2010	10573	22
2010	10572	24
2010	10571	25
2010	10570	27
2010	10569	28
2010	10568	33
2010	10567	34
2010	10566	41
2010	10564	50
2010	10563	102
2010	8947	29
2010	8931	63
2010	8925	63
2010	5600	29
2010	4821	92
2010	4504	13
2010	4213	37
2010	4212	14
2010	4211	82
2010	4204	76
2010	4198	201
2010	4194	38
2010	4189	13
2010	3737	23
2010	3043	30
2010	3032	210
2010	2637	24
2010	1645	25
2010	1528	42
2010	1406	55
2010	1186	18
2010	605	42
2010	412	136
2010	230	23
2010	10549	293
2010	2101	468
2010	1943	1155
2010	12927	62
2010	727	195
2010	1109	177
2010	45	706
2010	2067	162
2010	12928	353
2010	12930	146
2010	12931	146
2010	843	460
2010	1803	2448
2010	1808	523
2010	2785	1015
2010	4807	1025
2010	7117	684
2010	198	2827
2010	209	949
2010	779	518
2010	1195	383
2010	1196	362
2010	1672	5141
2010	12943	446
2010	544	3213
2010	10385	513
2010	616	127
2010	64	294
2010	67	3756
2010	81	415
2010	389	1296
2010	423	420
2010	895	447
2010	1382	596
2010	1609	304
2010	2544	958
2010	3057	422
2010	7660	289
2010	10512	34
2010	8878	27
2010	3672	59
2010	1475	52
2010	689	221
2010	301	814
2010	292	3625
2010	12991	461
2010	257	2043
2010	55	240
2010	4460	257
2010	2790	87
2010	1814	94
2010	1412	162
2010	952	95
2010	724	171
2010	707	143
2010	10491	168
2010	1547	137
2010	3258	356
2010	12996	273
2010	12999	169
2010	13001	155
2010	55	2000
2010	67	1815
2010	89	1000
2010	289	4605
2010	10417	180
2010	461	650
2010	544	230
2010	686	1050
2010	447	225
2010	7830	101
2010	231	644
2010	440	290
2010	1412	225
2010	3767	446
2010	51	618
2010	159	759
2010	614	8017
2010	735	948
2010	860	1198
2010	2347	406
2010	4179	947
2010	198	2392
2010	234	40100
2010	453	2303
2010	705	5127
2010	854	2858
2010	856	4093
2010	982	4202
2010	3946	4607
2010	55	503
2010	89	2732
2010	227	724
2010	288	184
2010	292	573
2010	298	192
2010	300	1057
2010	306	429
2010	324	226
2010	325	166
2010	386	226
2010	461	197
2010	464	1630
2010	466	884
2010	485	255
2010	498	879
2010	526	349
2010	544	252
2010	679	709
2010	690	179
2010	704	1921
2010	1034	568
2010	10380	125
2010	8500	177
2010	5423	450
2010	3733	62
2010	1964	108
2010	1787	62
2010	1231	74
2010	1106	112
2010	982	47
2010	969	61
2010	418	139
2010	233	885
2010	228	81
2010	199	50
2010	154	72
2010	10346	17
2010	1400	502
2010	288	31
2010	89	799
2010	4512	42
2010	2025	183
2010	2083	281
2010	507	175
2010	763	230
2010	2089	163
2010	2092	457
2010	2102	528
2010	2521	374
2010	815	187
2010	735	999
2010	817	139
2010	6724	1435
2010	533	1304
2010	58	400
2010	99	490
2010	620	762
2010	159	1299
2010	187	301
2010	429	408
2010	603	255
2010	715	355
2010	993	543
2010	755	709
2010	851	546
2010	859	992
2010	1001	1950
2010	1014	620
2010	1810	652
2010	823	210
2010	829	143
2010	2091	440
2010	1550	208
2010	2027	437
2010	2214	365
2010	6742	283
2010	13089	473
2010	7994	1550
2010	3179	15
2010	1475	2909
2010	1429	368
2010	542	94
2010	161	1539
2010	89	7224
2010	13100	2
2010	13106	1116
2010	13108	596
2010	153	449
2010	1084	174
2010	3988	36
2010	12552	45
2010	13182	248
2010	13188	43
2010	13189	42
2010	13190	42
2010	13192	41
2010	13197	30
2010	13198	29
2010	378	330
2010	499	372
2010	2850	163
2010	707	167
2010	3043	138
2010	10155	3
2010	10128	529
2010	3702	207
2010	3695	338
2010	1956	756
2010	1163	1037
2010	10107	274
2010	629	905
2010	10090	203
2010	10089	224
2010	10088	248
2010	2769	322
2010	2654	758
2010	2211	457
2010	846	1123
2010	837	907
2010	821	834
2010	820	282
2010	503	1932
2010	8002	127
2010	1573	743
2010	300	1608
2010	292	2016
2010	55	11459
2010	710	116
2010	834	715
2010	932	606
2010	978	558
2010	1044	271
2010	1360	206
2010	1527	212
2010	1672	357
2010	1852	274
2010	1854	390
2010	1870	202
2010	2062	368
2010	2347	145
2010	2380	157
2010	2940	208
2010	5526	302
2010	6253	185
2010	3667	185
2010	3999	473
2010	8259	550
2010	1459	1616
2010	2179	1623
2010	544	917
2010	362	327
2010	9944	1023
2010	4002	135
2010	10693	190
2010	190	290
2010	4004	274
2010	1125	584
2010	13212	524
2010	13214	173
2010	13215	113
2010	199	55
2010	3685	387
2010	3046	231
2010	968	347
2010	9700	88
2010	6721	46
2010	5416	501
2010	4819	355
2010	1771	3022
2010	1768	1755
2010	4937	122
2010	1098	386
2010	889	129
2010	735	56
2010	709	106
2010	599	2863
2010	867	1441
2010	406	173
2010	390	314
2010	340	2707
2010	270	38
2010	258	937
2010	227	118
2010	159	52
2010	1	76
2010	984	294
2010	1389	633
2010	1463	397
2010	5437	454
2010	13223	274
2010	13225	247
2010	13226	227
2010	11553	24
2010	13236	60
2010	13240	34
2010	10000	203
2010	5667	103
2010	797	107
2010	323	78
2010	1075	2131
2010	674	824
2010	1409	567
2010	959	248
2010	229	1438
2010	89	1264
2010	58	769
2010	9987	47
2010	9983	94
2010	9982	113
2010	9980	193
2010	9978	442
2010	6748	203
2010	5254	51
2010	4258	103
2010	3719	91
2010	2533	66
2010	2514	46
2010	2500	142
2010	1900	169
2010	1704	10203
2010	1596	91
2010	1415	122
2010	959	47
2010	957	73
2010	930	247
2010	919	434
2010	877	141
2010	722	179
2010	539	49
2010	511	519
2010	475	620
2010	289	1441
2010	187	475
2010	163	305
2010	157	116
2010	72	6994
2010	67	1487
2010	279	19385
2010	909	7420
2010	257	26974
2010	10016	5090
2010	3566	1021
2010	3565	1022
2010	3553	1213
2010	3549	1337
2010	3545	2590
2010	3544	3039
2010	295	852
2010	9920	10
2010	9919	12
2010	9917	14
2010	9916	16
2010	5695	16
2010	2362	16
2010	1358	58
2010	917	20
2010	9914	7
2010	9900	3176
2010	4696	31
2010	3317	62
2010	527	17
2010	331	281
2010	271	53
2010	267	51
2010	266	40
2010	245	17
2010	310	8746
2010	302	905
2010	474	762
2010	906	1140
2010	1081	823
2010	4257	680
2010	344	158
2010	1752	1014
2010	1844	661
2010	7525	940
2010	13268	737
2010	152	2144
2010	163	1158
2010	220	266
2010	234	319
2010	441	421
2010	603	741
2010	707	359
2010	920	274
2010	1947	339
2010	2151	312
2010	2493	612
2010	3543	4133
2010	2817	418
2010	3805	436
2010	4271	516
2010	6048	499
2010	6151	425
2010	6830	261
2010	1743	9
2010	1762	8
2010	1415	1128
2010	630	2334
2010	416	6111
2010	1783	9
2010	11146	6
2010	13308	12
2010	13312	10
2010	13316	8
2010	72	3039
2010	13319	8
2010	13324	7
2010	13325	7
2010	13327	7
2010	13331	6
2010	13332	6
2010	13336	6
2010	1130	786
2010	1131	923
2010	4732	280
2010	1425	165
2010	3236	2368
2010	55	769
2010	187	388
2010	1004	219
2010	8002	395
2010	13360	249
2010	907	454
2010	154	303
2010	173	161
2010	234	268
2010	2062	1077
2010	436	292
2010	453	80
2010	1104	1454
2010	512	160
2010	614	351
2010	715	165
2010	843	236
2010	854	358
2010	860	108
2010	918	111
2010	982	362
2010	1066	6370
2010	1044	84
2010	1116	154
2010	1118	76
2010	1145	88
2010	1239	257
2010	953	1170
2010	1406	124
2010	815	2196
2010	2130	201
2010	1767	182
2010	1632	608
2010	1151	268
2010	1106	335
2010	1075	186
2010	859	511
2010	703	121
2010	544	3571
2010	538	281
2010	511	201
2010	441	475
2010	437	181
2010	425	318
2010	329	179
2010	229	1809
2010	227	733
2010	206	168
2010	203	174
2010	191	748
2010	170	223
2010	154	867
2010	1105	350
2010	548	629
2010	533	1204
2010	498	3128
2010	812	2031
2010	371	386
2010	9844	2955
2010	1452	77
2010	1042	2039
2010	701	169596
2010	475	26933
2010	466	23277
2010	461	20003
2010	302	708
2010	300	10368
2010	292	860
2010	291	762
2010	157	26148
2010	89	3050
2010	1513	209
2010	1527	97
2010	1957	135
2010	2206	73
2010	2352	83
2010	2637	122
2010	4179	76
2010	6130	72
2010	7532	82
2010	8747	273
2010	9344	103
2010	9467	144
2010	13413	120
2010	13415	83
2010	2051	641
2010	2079	2512
2010	2441	705
2010	4301	202
2010	13435	775
2010	13439	219
2010	9824	401
2010	4999	596
2010	3201	351
2010	734	886
2010	614	343
2010	9822	170
2010	9821	184
2010	9819	320
2010	9818	347
2010	9817	738
2010	9334	365
2010	8743	188
2010	6319	192
2010	13441	189
2010	6292	426
2010	5841	225
2010	4165	580
2010	55	6788
2010	4024	185
2010	3748	204
2010	3576	162
2010	67	17130
2010	3477	255
2010	785	4020
2010	3473	171
2010	3063	940
2010	2859	608
2010	2797	191
2010	2787	403
2010	2783	272
2010	2467	225
2010	2350	228
2010	519	1739
2010	2347	1064
2010	2346	799
2010	2053	356
2010	1813	382
2010	1810	1007
2010	292	7692
2010	1803	1003
2010	1639	254
2010	1412	301
2010	1369	193
2010	1249	1149
2010	1248	778
2010	959	1111
2010	952	495
2010	951	2337
2010	97	608
2010	945	181
2010	735	520
2010	734	598
2010	732	620
2010	360	188
2010	344	264
2010	328	292
2010	257	303
2010	253	1041
2010	192	538
2010	157	587
2010	67	447
2010	251	1090
2010	9798	446
2010	9796	874
2010	9795	1024
2010	9794	1206
2010	3029	1109
2010	503	1682
2010	487	34180
2010	257	3629
2010	292	764
2010	1844	215
2010	17507	69
2010	2988	77
2010	95	196
2010	5799	253
2010	627	243
2010	2521	463
2010	987	219
2010	1829	199
2010	1832	186
2010	1601	1301
2010	2025	558
2010	461	26802
2010	292	16904
2010	289	12590
2010	67	4323
2010	55	590
2010	13446	763
2010	3444	210
2010	13453	250
2010	13454	236
2010	289	11302
2010	98	85
2010	159	69
2010	612	72
2010	1505	3529
2010	3992	238
2010	631	159
2010	1380	1387
2010	851	59
2010	857	74
2010	863	35
2010	866	51
2010	867	168
2010	875	111
2010	985	148
2010	1534	141
2010	1379	1388
2010	1814	544
2010	1879	79
2010	2029	52
2010	1053	1841
2010	5803	162
2010	792	3105
2010	2488	61
2010	2938	53
2010	3430	37
2010	3444	219
2010	4129	89
2010	701	621
2010	4156	146
2010	4278	53
2010	5260	75
2010	9469	158
2010	10127	46
2010	11963	46
2010	5968	127
2010	12314	80
2010	13532	45
2010	1090	911
2010	16666	214
2010	548	584
2010	17509	266
2010	65	375
2010	9746	1292
2010	475	2144
2010	17511	214
2010	9742	1510
2010	9740	1777
2010	6120	651
2010	9737	2223
2010	9736	2923
2010	13566	646
2010	310	3131
2010	562	295
2010	735	531
2010	6505	2446
2010	1123	1498
2010	5575	1244
2010	302	3275
2010	1175	574
2010	3865	3000
2010	2419	278
2010	2638	297
2010	3503	1207
2010	2857	308
2010	6837	261
2010	3458	619
2010	10970	297
2010	17517	193
2010	1904	2158
2010	11646	316
2010	17522	170
2010	13590	364
2010	17523	170
2010	13591	345
2010	641	1209
2010	13592	343
2010	396	1314
2010	367	11447
2010	344	1546
2010	296	2094
2010	89	4390
2010	1043	312
2010	17528	155
2010	292	1176
2010	288	961
2010	17531	144
2010	13593	332
2010	67	15544
2010	155	657
2010	13595	286
2010	187	171
2010	257	1416
2010	13597	265
2010	300	8554
2010	292	4739
2010	1109	3338
2010	333	40024
2010	1043	1494
2010	2022	5630
2010	1047	11706
2010	7724	93
2010	2523	3178
2010	4369	628
2010	425	776
2010	903	768
2010	1772	605
2010	2786	711
2010	3156	591
2010	4384	1276
2010	540	1241
2010	288	1052
2010	300	483
2010	312	1043
2010	318	53
2010	325	43
2010	327	80
2010	464	127
2010	466	681
2010	475	431
2010	498	824
2010	528	114
2010	545	559
