2011	302	41
2011	1090	199
2011	300	478
2011	333	228
2011	288	411
2011	230	472
2011	289	621
2011	229	281
2011	182	836
2011	89	6250
2011	1075	1206
2011	1084	4388
2011	907	105
2011	170	61
2011	386	674
2011	425	238
2011	599	887
2011	3576	162
2011	13182	15087
2011	10547	449
2011	154	1594
2011	7860	136
2011	88	115
2011	7857	230
2011	253	531
2011	518	360
2011	10822	806
2011	6151	426
2011	543	122
2011	9296	636
2011	3030	141
2011	2608	159
2011	512	30
2011	13206	560
2011	2853	294
2011	16607	1320
2011	3470	146
2011	65	121
2011	295	5851
2011	686	1732
2011	344	1462
2011	257	441
2011	420	208
2011	7829	19
2011	7828	20
2011	1249	113
2011	6566	324
2011	7826	21
2011	6961	548
2011	16619	287
2011	6564	357
2011	7822	23
2011	7821	23
2011	538	787
2011	7820	24
2011	16622	262
2011	498	1366
2011	1114	408
2011	318	206
2011	7816	32
2011	1186	2705
2011	7814	42
2011	3958	1182
2011	5988	624
2011	289	534
2011	4155	142
2011	7812	49
2011	7811	53
2011	7810	97
2011	7452	27
2011	7324	23
2011	4814	908
2011	6217	33
2011	5412	20
2011	546	369
2011	4717	37
2011	4713	555
2011	220	565
2011	2602	106
2011	17226	1490
2011	3164	45
2011	4566	1262
2011	2616	19
2011	2353	54
2011	4239	109
2011	1790	56
2011	2220	846
2011	1763	22
2011	333	23961
2011	1553	58
2011	2352	69
2011	1106	34
2011	1447	250
2011	2351	76
2011	13317	8
2011	703	67
2011	689	42
2011	707	1416
2011	3669	149
2011	433	18
2011	2349	102
2011	182	36
2011	257	843
2011	9867	42
2011	81	90
2011	10782	60
2011	3374	164
2011	72	48
2011	59	39
2011	5547	85
2011	527	460
2011	622	626
2011	3953	1492
2011	2348	203
2011	2083	2724
2011	2347	215
2011	1084	52
2011	2346	294
2011	1080	63
2011	1079	64
2011	1078	67
2011	1076	69
2011	681	4741
2011	350	446
2011	2345	318
2011	2344	635
2011	2802	147
2011	1190	36
2011	172	578
2011	527	29
2011	2343	675
2011	322	1171
2011	1074	88
2011	2342	1329
2011	238	26
2011	2341	3599
2011	314	1547
2011	2129	58
2011	4507	589
2011	3082	77
2011	1814	59
2011	16624	234
2011	285	4776
2011	475	832
2011	1803	210
2011	299	940
2011	3668	172
2011	15446	41
2011	163	87
2011	15448	35
2011	4130	2745
2011	14035	569
2011	707	785
2011	917	636
2011	918	1356
2011	1672	131
2011	356	1571
2011	288	269
2011	701	2481
2011	1513	129
2011	377	272
2011	517	386
2011	3200	324
2011	1070	182
2011	1412	115
2011	51	3261
2011	288	903
2011	3473	171
2011	1069	182
2011	1369	1648
2011	285	11477
2011	1068	188
2011	450	249
2011	10675	223
2011	4566	751
2011	1360	424
2011	4850	92
2011	1249	269
2011	1067	251
2011	1066	262
2011	1065	331
2011	816	661
2011	279	1162
2011	1064	422
2011	1063	439
2011	1358	165
2011	17471	564
2011	903	535
2011	1351	176
2011	257	3043
2011	1062	522
2011	230	7454
2011	3531	75
2011	1061	876
2011	1338	1097
2011	89	4060
2011	1274	75
2011	187	494
2011	1060	887
2011	1249	945
2011	17472	506
2011	67	4706
2011	3947	9186
2011	1713	2425
2011	55	3759
2011	1689	1100
2011	72	23304
2011	428	162
2011	4575	427
2011	230	1370
2011	157	477
2011	470	331
2011	6552	106
2011	2549	171
2011	4582	1623
2011	14056	37
2011	3063	940
2011	6549	150
2011	968	184
2011	982	52
2011	1037	1293
2011	10764	91
2011	3557	456
2011	5670	108
2011	3426	219
2011	55	1321
2011	58	1576
2011	3556	130
2011	289	49889
2011	907	539
2011	1376	131
2011	2934	711
2011	6850	102
2011	5079	2287
2011	1824	136
2011	1035	249
2011	7760	174
2011	8274	141
2011	8730	283
2011	547	222
2011	65	570
2011	816	2190
2011	497	4314
2011	67	3756
2011	487	4151
2011	89	2530
2011	17634	182
2011	17635	155
2011	17636	137
2011	908	492
2011	1075	2551
2011	17652	1013
2011	154	592
2011	199	444
2011	328	109
2011	845	1292
2011	288	31427
2011	298	742
2011	10742	362
2011	67	175
2011	292	7945
2011	1248	275
2011	9237	899
2011	17973	322
2011	2889	2
2011	2887	2
2011	2886	2
2011	511	1151
2011	2882	2
2011	2867	3
2011	2862	10
2011	466	12620
2011	913	3576
2011	11770	83
2011	1434	261
2011	1429	862
2011	1504	519
2011	4911	61
2011	11771	77
2011	154	1080
2011	2242	14
2011	11772	74
2011	14123	406
2011	14127	53
2011	690	811
2011	1244	1359
2011	1104	117
2011	11773	72
2011	697	518
2011	795	171
2011	6518	129
2011	12805	1292
2011	11774	70
2011	6516	166
2011	599	1340
2011	11775	66
2011	6512	218
2011	2821	38
2011	2542	127
2011	599	469
2011	1976	62
2011	2970	95
2011	1358	249
2011	1281	99
2011	917	212
2011	1974	110
2011	1633	79
2011	14131	40
2011	1389	137
2011	1504	85
2011	17675	408
2011	1412	13
2011	11731	99
2011	6506	489
2011	881	9
2011	864	8
2011	863	17
2011	859	80
2011	857	25
2011	6505	616
2011	808	73
2011	6504	913
2011	9164	2028
2011	7061	1211
2011	1246	638
2011	562	40
2011	533	22
2011	6503	1079
2011	11776	66
2011	679	61947
2011	440	53
2011	458	1663
2011	333	270
2011	436	359
2011	300	186
2011	6502	1143
2011	424	260
2011	554	500
2011	6500	1181
2011	229	28
2011	5978	428
2011	163	630
2011	11777	64
2011	226	281
2011	6498	1767
2011	212	578
2011	6497	1835
2011	65	84
2011	89	630
2011	5249	2058
2011	4037	466
2011	11778	53
2011	243	34
2011	1044	173
2011	11780	49
2011	2039	1134
2011	65	265
2011	565	507
2011	580	502
2011	1711	1082
2011	966	90
2011	167	145
2011	2521	309
2011	689	2563
2011	326	226
2011	7555	234
2011	289	1775
2011	7554	238
2011	11781	47
2011	1028	152
2011	498	521
2011	1001	1360
2011	523	1852
2011	531	103
2011	607	615
2011	207	343
2011	291	128
2011	2521	174
2011	210	219
2011	959	214
2011	707	366
2011	220	485
2011	1037	128
2011	923	1167
2011	1609	304
2011	228	107
2011	11782	43
2011	728	344
2011	325	220
2011	333	622
2011	7536	448
2011	412	147
2011	295	768
2011	918	152
2011	424	127
2011	9154	1745
2011	959	720
2011	917	1831
2011	344	2676
2011	498	134
2011	1358	420
2011	30	1331
2011	501	101
2011	6489	178
2011	289	1508
2011	285	372
2011	5105	96
2011	157	1874
2011	3719	251
2011	289	876
2011	533	261
2011	843	239
2011	7526	643
2011	2380	1339
2011	93	275
2011	7523	838
2011	982	418
2011	2379	436
2011	1044	160
2011	1974	304
2011	1145	96
2011	1274	1059
2011	967	195
2011	735	211
2011	732	360
2011	1104	1761
2011	1244	204
2011	4705	186
2011	1246	185
2011	14516	515
2011	3382	309
2011	1377	191
2011	724	1484
2011	716	129
2011	1470	349
2011	954	200
2011	1672	429
2011	89	381
2011	918	194
2011	707	502
2011	843	356
2011	841	1196
2011	192	7007
2011	706	507
2011	972	463
2011	517	510
2011	570	90
2011	370	141
2011	517	147
2011	5066	88
2011	289	1419
2011	461	3104
2011	1412	2596
2011	209	2446
2011	378	1983
2011	289	15235
2011	1413	686
2011	1415	295
2011	292	666
2011	1757	597
2011	681	204
2011	686	2160
2011	1081	21711
2011	618	1951
2011	669	69
2011	1905	222
2011	802	122
2011	526	552
2011	908	4245
2011	2352	175
2011	1428	95
2011	2785	128
2011	1061	500
2011	1062	2336
2011	1713	1
2011	466	155
2011	2864	287
2011	1114	8
2011	8371	130
2011	9156	345
2011	465	4273
2011	498	44
2011	3481	1186
2011	157	27
2011	300	1282
2011	498	444
2011	4028	29
2011	7834	47
2011	1934	1031
2011	72	177
2011	227	663
2011	3776	220
2011	4251	417
2011	12351	16
2011	4440	4492
2011	370	1226
2011	6457	48
2011	8141	131
2011	704	305
2011	7455	231
2011	6454	55
2011	4675	372
2011	5020	56
2011	1755	1944
2011	1934	77
2011	89	5497
2011	1116	127
2011	1114	238
2011	1083	51
2011	1609	80
2011	512	6627
2011	1983	168
2011	5152	63
2011	4790	297
2011	190	312
2011	173	287
2011	154	107
2011	65	237
2011	56	242
2011	5416	1166
2011	903	72
2011	289	4133
2011	689	105
2011	13664	489
2011	1971	817
2011	679	278
2011	58	196
2011	499	58
2011	429	669
2011	599	396
2011	622	862
2011	2137	293
2011	7047	1055
2011	1400	1725
2011	2521	800
2011	689	213
2011	403	93
2011	4032	398
2011	344	153
2011	333	132
2011	180	717
2011	13123	474
2011	292	208
2011	6150	2862
2011	10715	39
2011	289	232
2011	6122	340
2011	7444	27
2011	1249	1694
2011	6296	63
2011	1969	290
2011	11465	166
2011	3823	331
2011	1122	328
2011	724	37
2011	12993	68
2011	412	169
2011	17093	296
2011	13170	58
2011	7438	239
2011	949	116
2011	923	996
2011	918	563
2011	917	830
2011	503	2093
2011	2544	958
2011	374	57
2011	486	1085
2011	5255	14
2011	220	88
2011	1412	232
2011	257	821
2011	198	217
2011	2587	89
2011	15657	66
2011	15659	61
2011	328	2141
2011	2343	708
2011	289	24251
2011	18398	18
2011	816	3789
2011	176	117
2011	163	215
2011	1772	415
2011	375	328
2011	1803	1005
2011	25	77
2011	176	58
2011	1079	130
2011	790	330
2011	227	471
2011	8963	47
2011	8962	56
2011	8961	57
2011	8960	61
2011	8959	66
2011	8954	128
2011	5151	107
2011	4917	94
2011	3405	75
2011	3084	67
2011	2446	287
2011	1781	74
2011	1705	83
2011	1700	157
2011	1143	249
2011	1109	266
2011	1044	99
2011	978	73
2011	969	61
2011	959	60
2011	910	65
2011	726	125
2011	707	100
2011	518	150
2011	511	159
2011	506	105
2011	497	125
2011	230	84
2011	190	57
2011	188	110
2011	186	256
2011	65	105
2011	8918	13
2011	8908	467
2011	8906	524
2011	65	583
2011	8347	5956
2011	72	285
2011	470	4338
2011	3502	990
2011	89	195
2011	228	968
2011	1249	2581
2011	207	16566
2011	18106	228
2011	959	257
2011	1180	315
2011	190	7401
2011	18107	219
2011	227	16116
2011	163	1532
2011	2859	608
2011	2582	195
2011	4061	78
2011	173	511
2011	176	140
2011	1400	310
2011	72	967
2011	706	182
2011	487	1663
2011	12547	1253
2011	534	1391
2011	379	114
2011	1857	57
2011	1246	39369
2011	757	1075
2011	3243	186
2011	1672	3448
2011	1180	1086
2011	371	166
2011	1922	81
2011	1001	1950
2011	2086	76
2011	880	440
2011	2521	86
2011	875	193
2011	182	200
2011	198	204
2011	4811	330
2011	4562	301
2011	209	183
2011	1458	220
2011	1106	511
2011	1781	1018
2011	7781	278
2011	1047	307
2011	1935	449
2011	1032	126
2011	907	104
2011	234	465
2011	486	299
2011	692	224
2011	691	214
2011	289	1296
2011	487	150
2011	17509	266
2011	599	586
2011	3236	4847
2011	690	775
2011	3767	3213
2011	55	1245
2011	458	1706
2011	1937	546
2011	65	344
2011	2271	139
2011	67	667
2011	333	511
2011	328	123
2011	12989	514
2011	707	204
2011	327	1007
2011	2089	850
2011	2194	45
2011	89	3666
2011	2137	133
2011	229	1232
2011	300	671
2011	299	141
2011	295	225
2011	1014	620
2011	797	262
2011	289	433
2011	288	569
2011	12993	238
2011	257	1121
2011	157	115
2011	2125	92
2011	289	15773
2011	285	367
2011	8847	59
2011	757	178
2011	2092	70
2011	724	208
2011	732	397
2011	2095	108
2011	4355	37
2011	2873	1142
2011	4018	12
2011	16191	116
2011	12627	298
2011	288	2247
2011	89	3487
2011	157	7462
2011	17516	193
2011	289	15339
2011	1400	384
2011	12632	168
2011	8108	196
2011	4017	16
2011	289	1591
2011	292	1460
2011	1934	124
2011	4015	16
2011	17161	2
2011	6373	30614
2011	12994	212
2011	458	4452
2011	17163	2
2011	293	387
2011	97	153
2011	1639	56
2011	1632	181
2011	12821	682
2011	333	13205
2011	299	592
2011	1897	778
2011	701	244
2011	2102	248
2011	2627	1086
2011	212	4
2011	3324	145
2011	288	411
2011	2626	1553
2011	2787	403
2011	12830	248
2011	2471	434
2011	614	3591
2011	600	835
2011	4538	497
2011	5299	1111
2011	1778	292
2011	1246	3039
2011	12866	662
2011	2091	440
2011	67	126
2011	89	174
2011	300	633
2011	157	102
2011	4489	1168
2011	852	174
2011	300	1096
2011	3483	93
2011	344	13113
2011	15361	285
2011	289	3199
2011	2027	437
2011	8769	317
2011	257	78
2011	225	220
2011	228	2150
2011	686	212
2011	3552	133
2011	427	482
2011	461	5893
2011	709	568
2011	330	955
2011	1151	274
2011	1376	600
2011	691	1285
2011	1513	1018
2011	2611	642
2011	4384	1003
2011	5630	425
2011	3382	88
2011	5423	284
2011	301	716
2011	2595	133
2011	2346	260
2011	1672	213
2011	1662	101
2011	705	183
2011	197	3725
2011	220	575
2011	1246	6936
2011	7642	707
2011	12008	282
2011	3554	207
2011	12012	187
2011	886	1054
2011	5083	350
2011	972	181
2011	1089	5086
2011	197	4658
2011	1104	455
2011	12014	111
2011	1180	207
2011	12015	105
2011	1246	302
2011	5148	438
2011	2621	86
2011	5089	66
2011	1837	1310
2011	12017	417
2011	2618	268
2011	2346	1014
2011	1249	1176
2011	2617	1470
2011	14473	339
2011	8223	1054
2011	8680	107
2011	1934	429
2011	8679	112
2011	8678	128
2011	13416	7917
2011	8677	128
2011	2210	410
2011	8675	147
2011	16206	3195
2011	8673	223
2011	8672	305
2011	7074	355
2011	1929	94
2011	6217	672
2011	6210	125
2011	97	220
2011	4736	167
2011	4704	135
2011	1700	171
2011	4384	324
2011	575	405
2011	3700	332
2011	1833	1572
2011	3411	386
2011	1398	79
2011	466	667
2011	2582	432
2011	1853	4359
2011	89	1054
2011	2538	323
2011	1671	316
2011	2535	211
2011	1412	278
2011	2534	133
2011	2416	127
2011	2139	119
2011	1670	499
2011	1964	638
2011	1954	111
2011	1188	2492
2011	1947	151
2011	1394	158
2011	302	605
2011	301	2184
2011	11621	52
2011	1163	111
2011	1062	169
2011	1122	227
2011	898	210
2011	757	288
2011	11614	72
2011	11613	73
2011	11609	138
2011	440	309
2011	1041	632
2011	418	176
2011	416	183
2011	229	117
2011	225	113
2011	203	159
2011	154	327
2011	11607	148
2011	89	216
2011	982	459
2011	59	212
2011	830	118
2011	4008	44
2011	816	1496
2011	779	682
2011	3581	81
2011	3126	175
2011	768	123
2011	288	183
2011	7224	69
2011	3040	70
2011	552	849
2011	1048	375
2011	540	166
2011	8392	123
2011	1696	3
2011	11177	4023
2011	7753	251
2011	537	1397
2011	500	1235
2011	498	802
2011	493	257
2011	9089	45
2011	470	272
2011	7802	78
2011	10226	32
2011	289	395
2011	11887	314
2011	1694	4
2011	10233	91
2011	289	178
2011	377	1010
2011	10630	67
2011	234	737
2011	3176	9399
2011	233	555
2011	227	611
2011	3174	105
2011	89	2247
2011	4007	46
2011	1609	66
2011	972	118
2011	3812	62
2011	4005	60
2011	797	198
2011	874	188
2011	2783	272
2011	16243	173
2011	299	100
2011	4003	122
2011	1366	150
2011	466	526
2011	306	649
2011	310	1303
2011	1994	2183
2011	18227	1148
2011	72	38
2011	1401	150
2011	209	1554
2011	340	343
2011	8	1513
2011	329	117
2011	1713	12
2011	2548	4373
2011	4002	130
2011	830	3869
2011	18229	570
2011	11194	7
2011	13187	16
2011	289	11552
2011	1690	9
2011	1687	28
2011	292	3097
2011	854	204
2011	2558	160
2011	157	317
2011	377	3685
2011	67	839
2011	72	17561
2011	301	74
2011	1518	133
2011	1825	224
2011	14089	106
2011	1684	178
2011	701	283
2011	1249	471
2011	1042	233
2011	7268	205
2011	1672	280
2011	1379	1382
2011	543	769
2011	288	1087
2011	982	672
2011	14500	67
2011	59	131
2011	1512	52
2011	7047	202
2011	951	3325
2011	14502	66
2011	56	269
2011	55	147
2011	706	813
2011	614	157
2011	787	77
2011	6048	94
2011	285	5143
2011	1412	97
2011	157	12548
2011	30	150
2011	4271	79
2011	1440	93
2011	704	521
2011	14324	41
2011	37	349
2011	1033	163
2011	704	253
2011	687	2000
2011	2390	693
2011	679	293
2011	466	501
2011	333	337
2011	55	404
2011	928	609
2011	56	117
2011	1683	377
2011	4281	49
2011	15325	191
2011	2395	78
2011	1549	84
2011	4269	195
2011	17485	29
2011	288	1056
2011	289	13804
2011	1400	113
2011	1682	1023
2011	17712	120
2011	1597	525
2011	16364	293
2011	17713	79
2011	1531	90
2011	2523	70
2011	1459	11
2011	1526	278
2011	8562	17
2011	17714	57
2011	300	10368
2011	1195	119
2011	3060	75
2011	17715	49
2011	1179	74
2011	1098	13
2011	1337	83
2011	17716	47
2011	1276	34
2011	17717	45
2011	17718	43
2011	892	275
2011	8550	28
2011	17719	40
2011	816	83
2011	210	1061
2011	889	5
2011	768	54
2011	17721	37
2011	835	43
2011	757	137
2011	17722	34
2011	1672	129
2011	1186	45
2011	11613	17
2011	17723	32
2011	16790	9
2011	8543	49
2011	1351	307
2011	704	1017
2011	518	301
2011	378	4974
2011	17727	27
2011	333	6580
2011	13556	508
2011	523	124
2011	703	77
2011	2092	1805
2011	2834	56
2011	377	1028
2011	16805	2467
2011	4991	343
2011	547	198
2011	10962	40
2011	190	156
2011	55	769
2011	8594	753
2011	855	185
2011	7166	14
2011	7157	83
2011	1226	9
2011	2350	228
2011	4984	3375
2011	306	234
2011	89	19919
2011	15738	179
2011	998	591
2011	4001	155
2011	6376	4288
2011	15748	6
2011	229	231
2011	207	393
2011	234	767
2011	316	1891
2011	333	1110
2011	383	352
2011	562	624
2011	714	2346
2011	841	465
2011	932	4703
2011	1360	506
2011	1406	467
2011	4156	326
2011	11634	145
2011	430	389
2011	11635	138
2011	4923	387
2011	2521	272
2011	4257	42
2011	3501	1842
2011	1369	182
2011	7114	525
2011	5004	627
2011	538	80
2011	9917	14
2011	1873	94
2011	1787	969
2011	1376	156
2011	295	227
2011	917	1154
2011	432	576
2011	10446	63
2011	498	117
2011	15	3124
2011	445	68
2011	1452	50
2011	1098	119
2011	154	1561
2011	501	1121
2011	533	1
2011	3201	353
2011	163	97
2011	384	732
2011	192	25
2011	378	18
2011	707	142
2011	11680	70
2011	289	4377
2011	440	102
2011	724	95
2011	2545	307
2011	730	16
2011	917	80
2011	3200	2690
2011	930	27
2011	956	27
2011	906	808
2011	4595	74
2011	1110	28
2011	1358	81
2011	1369	113
2011	1372	12
2011	8457	2377
2011	8446	410
2011	8445	422
2011	8429	992
2011	5934	947
2011	1743	454
2011	1705	1004
2011	81	4031
2011	295	4140
2011	88	582
2011	1412	11
2011	718	64
2011	84	137
2011	80	431
2011	1075	300
2011	58	23
2011	546	48
2011	1659	322
2011	199	2452
2011	55	330
2011	416	3858
2011	292	4739
2011	1425	155
2011	344	416
2011	458	1209
2011	1468	18
2011	2343	177
2011	15763	42
2011	779	1661
2011	2346	32
2011	1188	109
2011	2463	16
2011	4947	321
2011	3998	2360
2011	227	3594
2011	2569	15
2011	14584	36
2011	39	3564
2011	486	246
2011	300	37585
2011	306	103
2011	344	899
2011	400	120
2011	1934	254
2011	289	1690
2011	1404	295
2011	4937	538
2011	429	161
2011	2861	7
2011	8381	318
2011	8376	165
2011	8370	5022
2011	2936	8
2011	3727	39
2011	3470	20
2011	1249	858
2011	951	1914
2011	11740	5
2011	1542	453
2011	3888	8
2011	4130	62
2011	8423	8
2011	12081	35
2011	292	2636
2011	825	915
2011	5416	594
2011	4799	566
2011	8329	94
2011	157	69
2011	961	226
2011	4532	997
2011	12082	27
2011	3347	1103
2011	161	60
2011	330	735
2011	1181	3333
2011	867	173
2011	291	47
2011	1705	474
2011	715	57
2011	356	91
2011	8305	459
2011	325	171
2011	1709	911
2011	419	172
2011	70	192
2011	2971	97
2011	360	64
2011	715	3375
2011	8283	189
2011	7065	37
2011	2548	56650
2011	7064	194
2011	455	56
2011	686	5059
2011	718	47
2011	3333	188
2011	2203	916
2011	7035	173
2011	2204	724
2011	227	1463
2011	2210	1892
2011	321	236
2011	318	7
2011	518	220
2011	295	8
2011	2619	857
2011	159	642
2011	3589	61
2011	2621	1191
2011	1244	126
2011	2360	56
2011	6124	259
2011	1990	366
2011	1459	48
2011	11090	372
2011	4814	248
2011	4813	312
2011	4811	582
2011	3862	299
2011	3541	297
2011	3527	517
2011	4460	82
2011	2546	3787
2011	3506	155
2011	55	1194
2011	67	2835
2011	2971	1529
2011	289	850
2011	340	1028
2011	4995	729
2011	1505	1211
2011	2143	965
2011	1032	175
2011	386	1152
2011	346	634
2011	344	2538
2011	16411	550
2011	333	444
2011	323	2972
2011	300	6819
2011	298	1375
2011	16441	19
2011	89	7126
2011	4814	792
2011	816	2692
2011	16466	113
2011	923	279
2011	55	1701
2011	1489	124
2011	1694	83
2011	2586	1407
2011	2442	124
2011	15813	132
2011	67	6428
2011	1062	155
2011	485	277
2011	289	60
2011	89	1770
2011	2445	75
2011	11089	405
2011	412	55
2011	1670	13000
2011	1429	47
2011	1185	161
2011	1180	6000
2011	293	448
2011	8678	143
2011	2449	80
2011	314	1194
2011	14665	430
2011	704	1531
2011	470	3000
2011	317	382
2011	1412	1022
2011	14673	142
2011	2455	165
2011	14677	133
2011	2466	69
2011	3470	34
2011	320	590
2011	6038	732
2011	1983	251
2011	377	1111
2011	2467	231
2011	461	289
2011	6032	1474
2011	329	650
2011	209	116
2011	230	2284
2011	706	401
2011	681	637
2011	6900	921
2011	797	429
2011	814	1424
2011	1468	152
2011	2468	157
2011	863	195
2011	331	665
2011	3306	92
2011	377	103
2011	6898	972
2011	2579	48
2011	964	1102
2011	1098	32942
2011	234	990
2011	162	86
2011	228	93
2011	790	51
2011	11476	425
2011	1428	8014
2011	1098	1176
2011	9555	198
2011	332	1858
2011	774	1360
2011	225	495
2011	6895	1030
2011	6187	141
2011	227	93
2011	1776	1297
2011	1852	1047
2011	331	93
2011	349	928
2011	410	383
2011	1035	377
2011	206	501
2011	173	764
2011	687	3711
2011	522	144
2011	2137	65
2011	536	243
2011	7822	4143
2011	518	114
2011	14185	16702
2011	470	555
2011	6891	1102
2011	18411	11
2011	344	8345
2011	1783	140
2011	1781	169
2011	300	453
2011	2655	79
2011	72	854
2011	321	16807
2011	6890	1285
2011	72	930
2011	65	2477
2011	1513	209
2011	1803	1263
2011	299	1096
2011	295	530
2011	6889	1333
2011	3063	105
2011	2346	240
2011	2784	392
2011	946	605
2011	2785	208
2011	396	437
2011	6888	1780
2011	6119	247
2011	1385	105
2011	2790	301
2011	4702	238
2011	6887	2545
2011	5150	376
2011	1109	195
2011	289	18779
2011	289	1335
2011	6886	3196
2011	418	598
2011	378	336
2011	455	319
2011	81	101
2011	58	2062
2011	154	378
2011	6631	749
2011	1632	376
2011	12309	710
2011	18424	72
2011	6626	718
2011	468	1221
2011	288	67
2011	4817	145
2011	5249	138
2011	6505	63
2011	2493	1660
2011	475	406
2011	486	3856
2011	500	1243
2011	835	2508
2011	7382	54
2011	1690	76
2011	6619	1972
2011	498	363
2011	5978	156
2011	325	89
2011	525	463
2011	306	74
2011	2548	3629
2011	378	65
2011	3581	172
2011	13108	596
2011	7623	81
2011	225	236
2011	4687	89
2011	2927	1244
2011	3584	55
2011	1056	162
2011	3588	111
2011	2923	1370
2011	1464	76
2011	5038	540
2011	5057	109
2011	1042	104
2011	5975	18
2011	8887	17
2011	3815	20
2011	3794	492
2011	2533	562
2011	250	49
2011	289	3853
2011	302	105
2011	1178	100
2011	2531	1107
2011	300	248
2011	7837	87
2011	89	4263
2011	18313	154
2011	3681	199
2011	4460	215
2011	263	229
2011	3264	482
2011	7846	143
2011	2910	1329
2011	1486	226
2011	1369	36365
2011	7874	86
2011	8915	199
2011	223	560
2011	4633	3005
2011	278	212
2011	1424	95
2011	858	640
2011	233	5978
2011	4632	3024
2011	17175	784
2011	1795	106
2011	1098	118
2011	2298	219
2011	15072	78
2011	292	764
2011	2252	1635
2011	1167	168
2011	11263	98
2011	11739	128
2011	1994	630
2011	5877	78
2011	17515	194
2011	1324	215
2011	13167	106
2011	18326	462
2011	3590	51
2011	2346	799
2011	1636	916
2011	436	292
2011	2053	356
2011	3977	528
2011	3260	524
2011	605	1471
2011	816	1062
2011	607	635
2011	1402	777
2011	1613	557
2011	2832	353
2011	4625	10776
2011	2923	334
2011	301	787
2011	1934	1036
2011	4888	450
2011	9963	452
2011	16006	321
2011	220	559
2011	244	33
2011	17524	164
2011	222	731
2011	1817	56
2011	276	669
2011	8106	205
2011	8098	377
2011	1816	57
2011	1815	57
2011	5267	740
2011	3589	323
2011	1814	61
2011	2051	299
2011	1813	61
2011	892	1388
2011	712	271
2011	1812	66
2011	344	473
2011	302	255
2011	292	411
2011	1811	76
2011	1810	82
2011	1809	86
2011	67	21730
2011	1808	97
2011	1807	97
2011	1806	100
2011	1805	104
2011	1804	104
2011	918	121
2011	302	1292
2011	1803	1003
2011	1803	173
2011	13533	37
2011	1527	148
2011	7103	358
2011	299	570
2011	4616	3542
2011	1412	133
2011	1400	110
2011	1358	60
2011	1343	79
2011	1119	333
2011	1109	173
2011	959	83
2011	952	66
2011	928	122
2011	923	184
2011	3371	561
2011	6213	91
2011	918	1101
2011	917	94
2011	868	81
2011	857	385
2011	2521	992
2011	856	70
2011	854	403
2011	841	100
2011	735	71
2011	707	136
2011	706	219
2011	1700	1683
2011	704	113
2011	614	438
2011	329	282
2011	154	374
2011	190	445
2011	207	165
2011	562	141
2011	227	132
2011	418	404
2011	444	266
2011	689	177
2011	697	131
2011	704	188
2011	545	559
2011	755	207
2011	292	4486
2011	763	157
2011	1090	210
2011	1418	103
2011	1735	130
2011	1736	121
2011	1747	187
2011	157	2310
2011	554	103
2011	3490	317
2011	234	151
2011	9627	249
2011	9616	313
2011	9607	392
2011	227	170
2011	377	603
2011	9602	572
2011	9600	643
2011	9596	737
2011	212	127
2011	9594	771
2011	3484	931
2011	2102	325
2011	203	65
2011	193	79
2011	951	484
2011	154	3310
2011	190	172
2011	163	147
2011	159	132
2011	51	563
2011	2526	1575
2011	13637	45
2011	1075	6045
2011	1137	287
2011	3109	2906
2011	2176	644
2011	342	553
2011	3110	84
2011	1934	467
2011	9749	82
2011	1249	1149
2011	1464	18522
2011	2523	563
2011	3593	53
2011	1376	1217
2011	1534	141
2011	3601	55
2011	14435	229
2011	17553	64
2011	3602	85
2011	23	183
2011	632	1136
2011	701	472
2011	9534	29
2011	9530	134
2011	4620	64
2011	4125	40
2011	3482	76
2011	3308	93
2011	2265	110
2011	2013	45
2011	1134	41
2011	1122	51
2011	949	83
2011	735	36
2011	718	67
2011	707	83
2011	706	68
2011	630	24
2011	316	152
2011	227	135
2011	188	238
2011	163	684
2011	481	3470
2011	13265	1007
2011	683	285
2011	475	7691
2011	691	606
2011	3609	56
2011	7915	251
2011	4535	54
2011	3972	651
2011	4542	159
2011	326	1143
2011	288	251
2011	7913	387
2011	16497	3
2011	461	1870
2011	9739	1958
2011	8557	101
2011	468	1102
2011	289	1950
2011	3940	57
2011	2923	186
2011	475	430
2011	173	609
2011	333	487
2011	377	453
2011	331	373
2011	13440	209
2011	329	1201
2011	1811	41
2011	1130	268
2011	13667	432
2011	72	47
2011	56	2205
2011	299	12016
2011	10089	224
2011	2619	301
2011	301	2309
2011	2964	47
2011	1339	184
2011	295	9726
2011	951	2337
2011	11350	242
2011	681	198
2011	4155	197
2011	1338	130
2011	292	3477
2011	11348	250
2011	28	48
2011	1461	105
2011	4177	406
2011	5760	41
2011	289	698
2011	11347	267
2011	11717	106
2011	11346	270
2011	288	4769
2011	289	7226
2011	9822	170
2011	7903	1046
2011	3733	48
2011	257	1171
2011	5714	204
2011	5713	206
2011	13731	1852
2011	5710	213
2011	5707	261
2011	5706	262
2011	5705	283
2011	5704	284
2011	475	16374
2011	5703	331
2011	5702	331
2011	814	307
2011	5701	333
2011	5700	381
2011	5699	452
2011	5698	928
2011	9475	23
2011	5053	430
2011	1745	348
2011	1190	178
2011	2586	1475
2011	1329	530
2011	1324	229
2011	2151	1216
2011	1320	320
2011	1315	484
2011	52	93
2011	515	690
2011	757	345
2011	857	164
2011	506	363
2011	181	300
2011	9466	43
2011	10	722
2011	952	360
2011	9462	253
2011	2	3466
2011	9459	631
2011	9334	84
2011	9274	139
2011	8795	48
2011	154	441
2011	5844	386
2011	11344	372
2011	5820	844
2011	234	927
2011	3993	83
2011	492	3823
2011	2838	1902
2011	2834	91
2011	2790	53
2011	2787	145
2011	2463	178
2011	5688	1000
2011	220	252
2011	2342	715
2011	735	520
2011	599	263
2011	1639	43
2011	1415	199
2011	1412	83
2011	230	503
2011	604	263
2011	1366	97
2011	229	390
2011	959	44
2011	956	764
2011	945	41
2011	609	303
2011	918	455
2011	543	2892
2011	724	203
2011	610	561
2011	228	618
2011	176	69
2011	646	2251
2011	613	381
2011	5978	11
2011	1459	14
2011	717	14
2011	220	623
2011	632	148
2011	204	406
2011	3732	48
2011	3731	69
2011	1783	213
2011	11341	436
2011	2593	72
2011	3730	156
2011	2711	243
2011	2716	56
2011	190	7774
2011	2624	760
2011	154	812
2011	3861	101
2011	9404	571
2011	4366	64
2011	6397	727
2011	4927	668
2011	4923	1689
2011	4920	563
2011	4918	2857
2011	198	409
2011	1428	1889
2011	2478	2509
2011	1705	1441
2011	3707	94
2011	910	821
2011	891	770
2011	6137	113
2011	3411	81
2011	6169	70
2011	757	457
2011	1458	1563
2011	299	668
2011	7123	76
2011	4231	172
2011	425	157
2011	89	1435
2011	8837	75
2011	966	325
2011	10891	67
2011	455	3
2011	11477	197
2011	11337	1093
2011	479	1
2011	11635	58
2011	289	6109
2011	11652	175
2011	89	9670
2011	856	226
2011	7	155
2011	39	894
2011	65	1679
2011	234	11081
2011	89	34328
2011	917	339
2011	13756	20
2011	154	129
2011	173	260
2011	288	344
2011	289	530
2011	190	157
2011	203	112
2011	9820	291
2011	3400	196
2011	377	322
2011	16122	429
2011	207	386
2011	2624	26
2011	209	117
2011	215	117
2011	16123	268
2011	227	149
2011	1412	157
2011	362	107
2011	528	399
2011	405	118
2011	418	107
2011	16124	232
2011	511	112
2011	521	115
2011	830	157
2011	1133	168
2011	533	130
2011	546	143
2011	1300	487
2011	689	113
2011	1099	303
2011	704	115
2011	3616	223
2011	857	1465
2011	16125	224
2011	1055	129
2011	4155	209
2011	1249	63
2011	1249	752
2011	959	1344
2011	1390	148
2011	16127	145
2011	1400	1002
2011	1512	152
2011	5151	154
2011	1513	218
2011	1520	63
2011	16130	104
2011	176	29
2011	1814	144
2011	3646	148
2011	289	507
2011	3682	127
2011	16132	57
2011	1142	128
2011	955	154
2011	3739	119
2011	3915	112
2011	12022	359
2011	4394	119
2011	5785	79
2011	679	2
2011	13839	122
2011	344	53395
2011	15292	1492
2011	15293	461
2011	15294	274
2011	15295	212
2011	15297	208
2011	12920	324
2011	12921	108
2011	12922	106
2011	1673	18964
2011	333	554
2011	3965	773
2011	285	2380
2011	89	3115
2011	12924	81
2011	55	2352
2011	12925	79
2011	289	6988
2011	1080	136
2011	199	300
2011	734	64
2011	3943	129
2011	203	148
2011	300	700
2011	2788	203
2011	12927	62
2011	5614	6735
2011	936	149
2011	1222	698
2011	13872	118
2011	306	1003
2011	4022	130
2011	732	620
2011	461	346
2011	622	985
2011	930	110
2011	1075	443
2011	301	469
2011	726	285
2011	889	35
2011	1464	464
2011	289	18049
2011	8743	188
2011	14740	43
2011	328	292
2011	5789	70
2011	288	780
2011	2094	143
2011	289	914
2011	89	5783
2011	89	1222
2011	257	303
2011	10468	226
2011	56	67
2011	72	160
2011	3963	866
2011	17379	877
2011	199	101
2011	4165	580
2011	253	1041
2011	680	168
2011	237	98
2011	854	80
2011	936	26
2011	1034	68
2011	792	324663
2011	618	136
2011	229	111
2011	1412	92
2011	300	59
2011	1513	20
2011	228	96
2011	7340	4674
2011	220	46
2011	1097	917
2011	703	72
2011	67	17130
2011	67	41216
2011	1915	660
2011	1246	117
2011	1246	215
2011	2343	643
2011	11768	189
2011	157	587
2011	857	69
2011	11769	152
2011	1048	452
2011	906	71
2011	207	398
2011	1037	277
2011	190	145
2011	816	316
2011	6592	11
2011	230	1756
2011	306	380
2011	333	570
2011	704	800
2011	1032	608
2011	3378	1632
2011	292	7920
2011	7088	1080
2011	329	358
2011	816	2163
2011	15356	168
2011	4814	356
2011	1246	1105
2011	1239	283
2011	1048	155
2011	5926	209
2011	1047	472
2011	4074	252
2011	704	615
2011	3767	237
2011	681	3542
2011	540	588
2011	2836	415
2011	3057	450
2011	2121	485
2011	704	3138
2011	12812	316
2011	461	1141
2011	1400	298
2011	412	501
2011	4615	277
2011	333	1506
2011	300	42
2011	321	3564
